107
144
153
165
97
32
213
100
118
176
1
132
61
15
130
197
142
207
147
50
67
63
167
136
207
17
225
218
16
185
95
182
164
12
157
178
188
69
115
10
113
204
186
13
6
136
190
25
145
82
34
101
47
152
116
66
218
45
84
208
137
65
87
83
2
19
13
185
160
210
212
34
38
14
3
150
21
174
192
9
66
134
32
33
64
7
69
28
140
61
212
54
72
2
216
58
114
190
147
47
149
121
101
96
216
162
128
15
110
40
138
9
97
144
75
23
49
60
146
200
30
51
36
125
124
176
133
77
126
135
74
187
35
143
90
169
36
5
168
38
52
89
11
7
153
196
91
57
155
187
215
26
222
8
171
139
21
117
222
7
191
202
49
182
10
150
179
220
175
56
105
18
123
172
89
112
162
158
115
191
201
84
106
174
139
43
158
188
219
42
70
122
217
93
125
25
116
86
29
140
122
33
10
152
172
16
65
67
15
71
26
3
73
8
134
33
132
4
87
123
99
31
25
135
154
16
3
95
120
14
53
3
223
3
181
42
108
102
37
131
9
17
22
44
197
81
220
163
119
164
42
151
4
127
44
219
4
90
92
208
81
148
210
108
22
211
199
169
181
68
131
154
130
39
179
163
6
26
27
12
73
195
29
37
30
137
106
50
56
186
30
127
199
58
18
48
170
110
124
62
151
46
36
180
204
12
99
156
71
46
224
1
223
194
189
107
4
156
62
28
82
39
98
12
20
5
159
177
28
224
198
102
7
184
221
117
31
183
104
16
205
111
196
60
173
44
24
79
209
74
75
103
64
41
160
78
203
48
195
103
194
157
86
88
100
20
193
143
112
142
18
180
4
161
126
146
51
217
170
1
206
178
198
17
109
141
13
12
72
93
92
165
4
59
171
213
118
94
202
5
145
29
167
68
2
109
41
205
5
57
193
24
19
39
173
175
183
94
6
225
70
7
27
200
206
189
32
221
201
168
96
166
98
184
80
7
111
37
149
209
177
11
6
10
128
79
5
105
2
10
85
19
85
155
76
1
43
52
104
129
88
29
129
121
214
192
77
166
17
91
211
215
35
138
55
214
40
1
114
55
63
59
161
78
113
83
120
53
23
203
119
54
133
141
80
159
148
76
45
16
