14 36
168 245 452 367 359 138 138 429 138 246 517 138 526 483 396 138 515 138 138 139 472 386 441 312 139 437 144 191 309 226 139 337 149 138 234 138
278 268 355 452 448 457 445 371 176 284 232 138 272 138 468 223 145 429 256 138 422 177 279 472 139 378 138 292 244 138 138 169 451 221 231 138
138 500 139 416 163 286 138 138 138 311 138 138 407 271 538 139 344 138 139 240 138 359 506 428 138 452 510 138 145 138 427 529 331 273 236 393
143 288 138 138 300 334 138 308 254 393 362 155 494 210 510 269 138 463 501 138 370 138 157 454 138 513 138 139 255 336 373 444 296 138 165 272
139 138 543 138 197 191 553 248 433 195 394 198 254 143 506 183 410 138 413 541 138 138 494 138 301 280 523 147 282 138 138 178 546 321 138 145
416 138 211 323 268 138 216 542 268 374 450 172 238 366 225 304 196 461 174 506 526 215 238 145 141 188 372 260 373 140 351 201 199 138 389 138
327 413 511 154 160 301 455 325 184 315 499 151 139 321 516 228 367 138 138 138 188 138 138 327 162 385 338 292 138 138 530 245 348 328 138 387
305 138 292 139 140 493 138 248 539 154 138 289 415 138 386 414 138 138 337 188 347 227 138 138 373 379 552 362 340 199 138 323 478 229 225 385
406 138 157 382 178 340 229 544 245 466 326 524 151 296 265 446 138 185 138 142 200 138 261 286 138 278 210 316 323 155 450 327 394 527 163 138
335 256 138 168 519 339 138 387 138 255 138 515 138 138 460 501 138 262 231 138 138 138 189 446 477 545 138 476 343 527 138 138 138 538 139 160
541 401 413 308 369 355 138 138 516 140 500 307 138 321 159 389 142 449 207 258 138 267 138 418 454 274 296 516 150 139 138 165 238 138 151 191
478 432 409 201 145 495 321 196 158 443 224 364 347 261 267 354 317 169 149 155 215 212 153 138 482 141 138 357 138 138 138 412 443 448 187 375
417 436 208 138 138 138 141 184 375 138 145 385 191 138 545 474 322 272 138 550 461 170 194 266 138 210 140 231 472 551 141 548 376 240 139 250
426 412 288 138 470 245 138 374 477 152 138 189 148 435 431 138 317 525 139 432 138 300 138 344 306 138 287 148 525 519 138 239 138 143 161 326
