203
248
142
60
180
11
134
34
32
196
107
180
132
106
61
233
184
138
230
228
101
59
214
217
24
123
158
19
174
234
95
7
91
165
160
43
141
10
83
237
70
99
95
96
193
136
31
238
136
45
47
156
148
85
40
152
103
162
245
70
90
84
25
49
8
12
187
127
115
68
206
135
5
172
242
227
249
118
210
240
15
164
66
58
147
154
62
175
163
38
112
27
121
133
13
54
2
109
144
110
14
223
48
13
225
93
114
148
97
75
43
142
113
168
141
239
59
179
177
4
33
159
167
30
231
150
16
55
168
163
146
104
18
124
89
61
183
87
100
159
219
44
41
91
199
190
51
149
111
64
126
2
17
67
215
76
71
77
212
128
197
39
32
153
227
108
143
39
158
86
192
92
204
165
65
66
4
183
212
79
236
250
122
90
167
57
170
30
161
174
53
244
213
29
173
145
137
241
9
83
51
195
146
58
181
211
149
173
244
140
166
239
189
103
232
147
81
19
78
160
110
98
205
82
67
129
220
12
35
121
113
42
81
155
6
131
139
62
184
88
77
63
21
23
170
179
166
155
217
106
185
27
80
210
247
114
102
222
18
98
202
111
223
79
3
14
221
100
176
73
99
101
164
178
6
60
152
190
176
93
194
224
86
171
34
74
211
204
28
241
49
209
196
225
52
188
5
1
202
24
218
56
203
112
75
3
15
16
107
235
249
201
189
229
117
68
117
172
156
187
116
57
169
144
116
221
46
186
123
63
206
133
82
125
71
105
87
102
192
22
137
109
216
76
64
47
245
131
150
53
22
193
243
214
230
108
199
28
84
33
119
236
120
80
10
69
26
222
72
21
85
26
130
194
37
246
246
216
69
1
126
129
154
104
8
88
36
94
220
169
35
247
226
188
97
233
9
132
201
29
105
65
234
42
151
191
232
250
46
200
125
89
181
130
37
140
191
197
92
198
54
209
228
72
50
138
23
48
25
162
50
231
36
208
177
171
118
41
175
45
205
143
38
226
124
248
243
215
128
178
20
44
240
213
96
238
134
122
207
198
186
200
135
153
73
219
20
237
182
157
195
185
74
127
145
157
139
224
31
161
11
56
182
17
52
218
115
120
235
40
151
55
242
207
229
94
7
78
119
208
