23 44
113 385 433 156 251 328 385 113 266 115 279 113 117 113 290 431 424 281 184 327 162 115 113 146 125 318 303 362 254 184 153 355 113 126 198 132 243 158 330 353 277 143 120 113
113 150 426 238 323 172 193 247 404 113 119 273 191 162 113 126 245 199 222 440 113 213 367 267 271 113 211 113 114 426 113 224 113 434 274 114 123 244 113 337 451 204 415 164
116 253 316 310 175 113 273 113 140 113 316 155 376 149 337 187 409 140 332 359 415 119 170 113 262 113 159 284 426 291 113 339 245 113 284 113 114 242 298 118 143 379 299 166
127 265 113 126 113 113 393 345 122 113 232 362 119 423 413 452 432 390 136 128 246 113 340 217 177 113 451 174 311 325 126 190 113 144 263 189 165 113 249 113 113 249 260 329
407 246 343 113 435 115 113 150 381 237 343 259 163 160 356 113 311 447 119 255 230 407 114 113 126 193 113 191 113 113 113 269 113 273 113 223 219 262 154 428 121 380 440 113
319 414 311 113 278 232 173 450 199 128 176 322 351 113 341 213 113 191 186 200 183 113 117 113 252 345 152 188 245 166 404 113 204 113 310 380 171 402 331 198 190 156 147 184
271 362 282 413 345 113 278 113 208 113 119 197 308 271 113 432 113 165 326 271 113 370 147 113 117 158 207 411 244 113 235 113 439 435 375 149 149 144 305 113 113 293 148 183
319 230 163 114 117 113 125 448 212 293 283 149 324 234 198 122 329 374 266 121 114 449 113 237 429 217 133 113 113 205 350 440 168 113 177 303 418 211 312 115 118 113 147 358
116 419 435 160 113 187 122 113 164 123 113 162 146 114 424 246 227 131 115 113 175 293 253 335 113 252 426 113 113 183 205 287 176 271 113 257 398 432 115 218 376 311 435 407
298 175 340 131 254 327 113 402 194 293 341 312 222 126 366 186 113 439 237 113 386 375 113 319 254 113 117 113 113 113 113 233 397 454 113 423 113 113 263 113 113 211 230 113
321 113 265 128 116 113 113 424 383 272 113 356 292 401 136 201 291 129 113 334 121 413 113 116 326 323 114 208 380 423 217 113 352 229 113 239 113 224 113 113 181 294 434 114
369 113 293 113 113 439 411 113 437 230 113 113 128 210 420 139 113 373 141 297 137 224 227 114 131 113 366 450 115 257 153 354 113 261 342 298 142 322 204 167 234 298 114 186
113 113 113 346 310 285 113 209 435 234 240 447 193 345 115 296 422 150 194 196 452 278 113 451 322 113 113 113 231 418 143 349 356 243 113 113 113 114 227 113 113 113 113 304
271 291 269 123 343 142 113 358 381 240 259 113 366 426 303 187 347 381 113 167 113 113 146 113 125 127 118 370 113 116 113 169 205 416 352 414 113 113 148 113 435 356 293 113
113 114 435 273 409 115 178 234 113 398 382 146 336 148 200 225 116 216 129 267 252 113 148 113 132 362 185 276 361 125 353 390 113 142 148 197 276 210 191 304 191 248 327 296
113 113 436 199 246 139 388 348 379 316 113 123 113 285 113 113 113 287 113 114 284 113 378 113 113 315 211 213 113 306 454 137 113 225 113 113 294 398 293 252 375 386 411 113
341 167 337 124 158 210 134 125 132 171 406 366 349 190 218 168 204 113 301 397 364 423 161 299 245 169 339 200 113 381 122 120 130 124 315 119 337 114 369 113 352 202 113 165
179 113 300 292 113 438 242 113 429 263 348 401 359 189 114 194 179 113 227 399 423 182 113 184 201 113 403 308 113 113 113 280 245 113 292 113 113 137 113 240 378 234 116 355
284 143 113 230 380 134 225 113 113 186 364 401 113 318 113 386 113 286 419 113 380 113 113 213 300 113 228 205 430 260 206 439 115 299 248 113 113 255 183 313 115 235 335 129
113 113 346 426 113 113 241 395 114 443 382 113 113 147 386 373 395 315 149 431 113 113 115 113 113 268 282 295 397 113 285 232 113 113 113 341 113 114 299 184 113 121 268 448
423 448 415 381 185 164 113 397 128 328 113 279 434 113 120 113 114 283 407 113 113 113 113 173 113 113 113 324 113 167 113 322 138 127 330 235 433 341 113 139 400 418 144 221
219 167 428 114 144 401 275 113 172 252 183 145 302 325 160 160 212 113 123 113 134 181 423 224 267 149 451 114 120 140 256 196 134 437 450 118 129 367 371 275 116 394 251 182
354 196 255 225 211 133 126 290 273 413 113 181 295 113 113 201 155 441 113 231 113 113 233 340 191 314 405 114 228 130 313 285 176 431 173 271 263 154 113 113 224 113 421 337
