50 50
22349 16420 34310 33874 10000 10793 10023 22791 12040 10000 22704 10000 35109 10541 10001 30636 39667 32667 26748 28865 14717 23486 10000 30959 14553 19087 12014 10002 22884 10010 12952 24984 20832 28508 38569 18548 21292 10026 35825 10004 10733 10001 39148 12694 10000 29375 34542 14580 10034 10103
10067 25514 23343 34469 21758 10070 10000 10000 24434 26223 16152 10000 16790 10000 36374 21928 14470 23245 11465 21572 17658 19688 11392 32014 36539 14944 10000 36214 10028 16939 10001 37780 36033 10240 10001 31042 31635 33035 39393 11640 12953 22638 10010 16871 10001 10000 21261 22075 23879 16222
14100 21955 23590 10003 34168 13396 13390 36246 16137 18436 12217 21666 10000 23308 31625 13953 12745 10004 10829 17164 10035 24163 38344 11100 24394 29713 33820 14445 21513 37321 14451 11279 10020 31548 12047 19797 20241 12822 11227 19999 25076 21549 18704 15769 10254 11092 38943 29970 25762 29670
17675 39081 10000 10000 38109 28080 10029 19463 15732 34019 10000 10122 37043 32091 24998 11802 31358 12059 10000 10021 10000 10000 10000 10003 27089 28111 10035 12568 22439 10000 10141 10737 29594 10000 11273 19862 28426 10000 31730 11849 20521 35789 35795 20372 39953 23258 16849 25618 25280 21026
10000 11048 10907 28697 20889 19795 12405 32914 21736 24922 21079 18210 19016 10000 12008 17298 38267 10005 21386 12983 10040 26548 13627 36306 35190 10001 37532 15343 12851 16745 35009 12894 30362 11315 35425 25186 16993 31947 10271 38700 10000 10000 17215 20790 26235 10000 19568 10224 18016 22102
37166 10005 14160 13053 36358 34883 33754 10000 19939 26594 25405 17779 12278 10625 21107 15647 30348 19600 10009 10023 10000 10947 25068 18547 11319 14966 10802 38106 10230 35975 17619 33980 28657 21876 10000 23311 11832 38359 28037 14617 22333 15278 10106 29237 19561 10262 10063 14948 30281 14950
10112 26465 11316 30901 10002 18975 19518 36699 16223 24258 30048 26937 10239 28887 14019 28130 11097 11407 10835 39116 10072 10100 35584 32337 35211 23330 19613 11352 10006 18225 35877 10004 17540 11453 13014 33339 10000 10037 12421 15226 23390 13205 26715 38191 14253 15075 32773 10000 26453 10020
11062 19612 25820 11723 19005 10110 10012 12528 10204 14582 38234 26090 10001 39226 10007 23786 16443 20722 28726 23179 10843 19178 18337 18608 29856 24798 10212 32659 35264 38929 35226 28696 37814 12258 10163 20131 11713 11175 12423 23805 26771 10015 19364 17525 22529 10112 25730 12532 10258 22004
33079 20325 27892 10000 10978 18194 32202 33052 10001 10000 10000 10004 17316 24885 13354 25670 10000 27706 17214 25238 15832 35586 10000 10562 29836 10000 24180 10000 24221 18530 14714 10000 10000 39392 32950 33394 10000 10004 28720 24206 13658 31369 21968 10000 23169 10025 17755 23507 25302 34010
13128 37700 13666 17967 11729 13142 10000 10592 36884 39116 29681 24417 29704 27851 32322 17056 15402 10033 39633 10000 28242 13470 10187 10068 10000 10644 10000 20485 32787 33915 27139 12974 35226 30397 10000 32807 10555 10116 10000 23930 10820 35742 25940 10000 10001 10057 36297 18178 10000 10000
20699 15188 10009 12245 33263 10000 20639 25945 39694 10013 21018 10594 18876 19089 37993 13855 10019 20666 15182 37341 32608 24787 39054 10004 35584 10094 16621 10030 17848 39821 10007 10808 10000 22806 21978 10095 24646 29642 10727 10000 10009 10071 14004 37183 27793 27765 17149 10016 10096 36426
10000 19173 31486 10000 37298 15232 28761 28781 20500 11978 38385 10019 19033 14040 10000 23057 16976 35287 30459 24291 15997 12113 12086 17278 12588 17143 23404 39447 10000 28088 16560 18277 26507 16009 29161 10007 11953 22812 10116 34481 27625 18792 34550 11146 13012 10350 13502 19236 14195 18809
10000 10000 38405 10000 10004 27040 23898 19186 10000 14108 10000 10000 36793 29615 32729 10000 10000 26775 19849 22844 13286 37476 21243 21640 34646 27643 22545 13496 26621 10125 13247 10000 31644 31455 10000 16176 18605 10146 39904 26644 11170 11099 13052 29921 10000 24561 12518 35884 10000 24007
36888 17917 14611 38329 10420 19716 32370 15584 24145 12751 10069 10001 11400 38149 10204 10038 24645 32976 18755 30505 32888 31766 10007 22260 29587 17081 30563 15611 10029 23881 10002 11007 38712 10953 14591 11598 17594 32198 28966 24623 10002 24161 10876 10002 10456 10119 10003 28999 18127 23865
37867 10367 10004 10003 22664 27893 10011 25373 12304 35483 10467 24418 35760 22968 19936 34763 15723 14058 15388 10019 27817 14223 10002 10005 23068 24189 23319 14403 10050 10744 24988 17730 10000 10944 17736 24677 29603 10006 19326 25519 18141 34657 16747 20859 25654 26671 13250 37754 20228 22221
31502 10000 21675 10028 10000 10000 12439 18398 13605 20656 10000 38431 10211 25653 17160 38571 34977 23068 10368 36492 17525 10000 10000 25098 32066 24241 10000 22739 10006 15147 10009 29913 35269 12542 10000 15101 10129 36325 22022 21256 10000 32342 17089 10087 33398 28010 38565 25166 10611 12110
24819 38040 11028 10000 26545 32358 10141 10000 23852 10002 10013 31360 29726 10000 16469 23123 37598 10002 10000 10051 22543 15070 20170 37892 26363 10324 24096 10897 36792 16765 10001 10495 12157 35080 10000 28346 36371 21884 10049 39714 39168 32772 10414 10019 10000 28085 10000 16464 10000 12942
10161 10001 19875 10044 10000 13957 10584 10237 10000 36789 11759 25221 13630 10005 37894 10000 11977 16746 36460 10001 16518 30509 26783 35599 28905 10019 29719 18842 12195 24506 29404 32143 38180 20094 28705 13369 35423 10000 16238 10001 23078 10027 21574 17118 11959 29581 25360 23353 29583 15874
13407 10057 22488 30865 26262 10004 15114 14504 10010 25141 10089 38810 30740 10000 26961 10000 39581 10000 10006 10000 10000 39424 26110 15855 10000 38126 30325 37399 11690 30646 37928 27062 10000 20552 11890 30091 31736 36409 10000 10004 10033 10146 25885 10003 25900 10171 10000 13395 25181 10000
29928 19088 36810 11567 39773 30464 15959 33660 10000 10001 24304 10170 14149 32952 21825 20409 15492 39013 11689 10000 14098 26759 10012 10000 19297 26243 20729 39219 10003 10000 10309 10000 16300 24663 36868 10000 35546 10000 22605 10000 10847 10000 14799 29130 22305 13198 13995 16820 19737 39265
39880 33860 19189 33547 10000 13734 10000 10000 26463 38861 28865 10000 27922 36395 18788 10935 10000 10077 30749 21379 10000 10000 11285 33141 39979 11131 30271 21666 35294 10000 18143 19210 11146 28206 23109 10000 16086 28936 10056 29403 10000 21212 10000 23385 27136 10000 10000 11611 10214 18736
20495 38578 32607 16270 37444 12458 33502 24409 16016 39613 19472 10657 10029 12335 10002 13996 11320 17959 10875 22817 10048 29349 28306 34168 14601 26317 18410 29539 12055 21649 10008 38428 31589 10022 14855 15458 10184 20347 28109 10000 15496 23799 11836 21455 10003 32302 24767 16044 10001 10001
39966 18596 14655 15639 24278 37196 11224 38095 30268 11342 24259 33051 10487 14928 12727 14823 19350 23274 14110 27225 10185 10010 10101 10368 24285 10078 27420 15387 23456 21981 32415 10001 10000 24859 10047 17006 10001 34612 10021 14580 29262 22709 16360 35198 28987 13446 16031 18632 11334 35735
34369 36847 29780 10016 15273 10000 15255 13846 10000 10138 27481 31403 36669 10002 13746 27746 28130 15605 28521 10009 24092 10000 25997 15748 27949 33275 10039 12005 15315 10476 34521 33111 10089 36174 10020 10093 38448 33961 23221 26683 33697 14355 10000 19774 10000 10000 10000 10566 10000 15555
39791 39586 19732 10000 10000 29142 17264 13400 28012 38352 26117 35583 10529 10263 10000 17407 12658 38481 22579 10004 16948 21433 10000 27081 28130 21864 24603 32844 10000 10000 28813 10000 21927 10122 10042 10000 37883 28366 11479 10000 28328 12459 35995 10001 11203 10000 20672 10054 10000 30853
33066 19937 36149 34643 23397 10016 21507 10107 10000 11097 10000 35771 10000 33343 10000 12925 34016 10001 38241 19441 15378 20976 23189 22058 10000 10000 24435 10000 34304 37262 26772 14823 10000 10000 10162 22511 20421 23058 14026 27236 14682 10582 10000 15951 22043 27680 14573 10000 25638 38583
27343 10000 10000 35114 10001 10000 10000 15326 11407 39959 14244 10047 10000 10000 10005 12304 10000 36681 36054 10000 22848 10000 10000 14202 12455 19567 28342 10000 34247 33599 37104 35847 12407 36258 25370 10035 34760 10495 39739 12590 20202 38115 31726 10001 10000 27357 10000 39214 13878 11157
10051 10003 10001 10959 10000 35858 20560 12812 27469 10002 34099 19392 10001 23116 10174 30024 14799 23126 18548 26866 10023 38853 14704 12987 27567 24679 10002 29190 10149 21922 10091 20812 25086 25464 10157 39868 10000 27770 26048 25243 18034 30639 32049 19288 19555 19057 22806 17405 10918 21774
10000 24718 20712 11263 31669 10000 33252 22905 10000 10021 30999 38578 13230 28807 38737 10000 29102 10000 33366 15313 17309 22712 26280 10005 10002 10000 18799 37567 10896 37023 10000 10000 11350 36414 10779 10000 10070 15205 10000 10000 36538 31392 10029 10708 10000 37362 16811 38955 10000 31122
14802 25763 23662 35158 19612 22846 10000 28079 10000 13592 10001 28132 10084 27837 29370 23183 39919 10000 15444 21730 11600 37749 10133 32383 11505 17105 10000 12344 18206 13431 31549 28603 20438 31117 35384 10008 32969 10000 26083 10847 14190 10804 10033 38404 15157 12299 31934 12998 10001 13512
10097 10001 10170 10062 14394 21261 19426 35225 38324 32077 35761 10000 10000 10001 20075 25274 10002 28084 10000 23980 16643 10000 10000 18952 10549 36740 36788 10000 33460 29299 10056 10000 33613 10000 20988 12085 28409 24488 39804 10000 23379 12639 10000 31176 35778 11350 26460 10000 16469 26661
29358 10002 10388 10000 18343 16339 16624 10000 19002 14210 19671 10003 21954 33428 16605 10000 25148 10000 12017 11507 10152 39174 20231 37071 38836 32963 36973 10068 27333 36337 19178 19168 11870 10000 21012 23058 16395 17818 10441 31552 13082 13679 16255 10359 13495 27762 36343 37649 12426 24721
10026 27993 18407 34048 28999 29117 10011 18839 10081 21314 34411 10000 10105 31432 30217 10001 38368 10199 10383 10000 37796 10034 10000 11024 10000 36017 10009 10000 10365 25681 35003 22510 36230 15931 32622 23880 25127 27570 10000 13514 10001 10000 12386 19620 36163 36633 19027 18906 10000 10000
10001 22559 10002 11267 10191 34713 29485 21372 10001 10001 39325 11776 10000 22393 18280 11759 34941 33119 10017 25475 10550 13851 22545 21183 10000 13788 14585 10000 34931 25252 13523 19855 14814 17177 33122 38074 34181 11230 36035 25715 10013 13221 19598 38914 14867 14988 38102 10000 23208 10001
12260 35139 27164 22733 10001 27475 34558 28886 10009 10000 37187 19781 27882 10669 23902 33329 19592 30113 10000 10000 31531 10000 16319 10000 10000 38425 10043 33487 15459 21917 10882 10000 10028 10008 12271 37663 14495 36857 10209 10006 10000 10000 38149 15682 12955 25306 10025 11618 38581 27404
10004 19430 10000 29742 10012 16225 28267 10000 10000 31185 38279 39236 38050 10000 36057 12977 10001 18949 10000 10000 10000 18037 10912 10001 30221 21359 21455 32290 26173 17249 10002 36398 37098 30938 10000 10000 10000 39793 10098 27736 26128 10000 10038 25868 10067 37097 10000 10003 10000 32625
10003 12619 14776 10179 17795 38808 17548 32336 39499 15748 10007 21869 34768 10005 10006 33767 13338 25597 17521 14235 39217 10000 10128 36299 34829 10000 10000 35194 22967 25731 10532 10000 10009 10085 10086 30033 10085 10200 17381 24264 14704 30990 24994 10032 26394 31386 16646 26928 29431 11031
20446 10004 30820 10345 10000 26005 10068 13525 12580 20717 13589 21251 10000 34305 35668 23911 34065 23485 10001 10015 10000 13447 10380 10000 35984 10000 35858 21623 10002 12193 23877 27012 10001 31383 17023 10000 13654 39948 37918 13960 19207 10000 19169 38322 24699 20456 10000 10000 36543 36541
14080 10001 17695 10000 32863 24409 32677 21173 23428 10000 10003 38678 33840 12108 37704 39488 10006 10739 17575 18895 23590 39809 10004 10000 27331 10002 29732 10003 26308 11037 11480 12333 10867 10003 38420 10001 10649 10000 25489 25523 15568 31798 14765 30652 10000 30494 26286 10001 22949 19544
28427 10000 35103 10000 10000 10000 10000 10000 10000 30175 10000 10015 10004 24115 26237 32357 25160 15849 10146 10000 18662 31834 32468 36158 10000 10000 10000 19184 33445 24609 10000 10004 39070 23499 10000 10045 10000 25015 28905 24872 37229 14177 22243 31181 21204 10000 33159 32443 14253 28753
13749 10157 25648 12181 37252 26901 10000 10000 21091 29373 26908 29612 20468 19621 12800 21215 12113 11460 10000 17619 21381 25350 39638 27320 28479 30007 23357 12804 10284 24009 16448 11559 18120 36166 10006 10073 10001 29624 10004 36357 10031 10010 10261 30547 20725 34380 10000 10008 24856 30027
28068 31201 16568 21272 33334 10000 17270 10260 34288 28136 10000 23334 10000 10000 15982 10118 19785 10507 29363 11157 25412 16938 10381 23691 18168 18351 10000 37814 37658 10002 10000 32469 29625 38172 10000 31355 20141 10000 17200 10373 26428 19475 27639 32134 25956 14741 25085 10008 10000 10141
34979 31763 12211 27406 11041 22388 36031 35092 22774 10000 19993 11152 16137 12701 29612 10315 12892 27118 13335 11684 39038 20871 32656 10000 10010 28449 10009 10737 18645 31183 38767 15495 10000 20977 14701 24240 10000 10017 10000 12015 10000 16976 39029 31300 10029 10963 23511 10004 33047 28707
38674 10000 28389 15366 25414 10000 32661 10000 36875 19226 13752 14721 35150 38227 12034 10000 10022 10374 10237 31055 18083 10001 10000 10000 11754 30883 35614 10004 10000 31506 26921 21905 10000 10883 18488 10002 32006 28963 13968 21843 38133 16940 27600 10000 13399 18812 14436 30076 10000 35603
10002 10000 10000 31494 18805 15432 10000 34093 35526 10957 17896 31372 10006 35665 20498 10001 39708 28393 10225 10026 29657 26317 25026 10001 10168 10074 14380 20331 16592 35770 12448 39855 10101 10000 28816 33998 10976 15210 17406 27165 10005 11160 10000 37640 17501 34021 10000 38807 10000 16476
10000 35286 30650 39347 10000 31389 10123 30659 10001 27690 27262 18693 14090 10000 11925 20027 10000 34511 10000 10005 19145 35121 10000 21593 25851 16334 10000 19423 10197 17248 10000 24230 21589 24575 24352 10000 10000 24960 32115 35544 30271 25783 18882 11820 17334 10007 23915 38048 10000 10005
20143 21390 31724 10305 22941 11117 10000 16983 12707 16869 16456 10000 13187 36536 22862 16195 14396 24265 14856 11451 38816 13184 23905 10000 35059 34985 13695 26914 36272 10000 10000 13688 20587 28050 25200 31132 19169 15079 22073 20316 30938 10000 28998 39801 10001 10000 15747 10000 32008 10000
26365 11523 10000 10418 30996 10011 10002 10041 10000 16446 34407 11490 33945 10000 13897 39530 12286 15874 20515 10865 32815 18541 10179 14648 23347 20212 14327 11544 12662 35011 38713 29387 22323 10000 27371 29778 19811 23177 10000 10000 10000 10000 15227 34069 10002 10000 35994 39835 39859 32557
31782 10000 29082 10000 18312 10000 18821 10182 10000 12185 14278 11886 16256 36252 10191 14410 33621 13067 15785 29426 24077 16199 25874 23823 16520 14253 10054 30480 10706 30122 10000 19185 38718 27310 13218 10086 17638 26258 39574 10040 23012 10001 37351 19917 10000 39951 15225 32197 12226 30449
10000 10057 15392 31200 24110 10165 13310 15674 10009 39681 39087 31241 15439 20680 22364 20429 25971 10000 10000 35579 29366 37611 10003 25273 12169 20444 10377 10000 10284 24033 16986 30852 17769 30077 15992 10000 32427 10000 18043 20945 31679 10000 33968 26630 12286 10004 19276 12752 10000 30366
