449
152
463
400
232
325
369
484
66
346
53
447
432
406
161
354
216
153
145
372
12
13
180
1
251
442
36
2
206
130
53
445
384
456
356
87
3
108
319
405
310
16
73
35
289
341
71
455
95
407
261
378
234
99
111
388
314
52
348
465
381
225
307
450
311
182
392
376
100
134
124
363
327
147
404
329
129
39
244
378
409
312
298
425
426
456
41
295
247
457
228
295
129
310
383
1
163
53
74
480
438
338
87
287
212
76
391
388
276
268
316
148
9
1
272
283
254
108
171
49
218
277
460
469
447
276
337
317
424
221
158
211
40
247
447
257
147
257
241
103
460
445
422
380
159
244
381
238
34
85
250
354
257
442
65
117
176
130
313
451
10
285
87
372
31
37
158
137
191
153
173
425
343
415
22
336
374
257
420
206
449
60
326
149
67
102
288
166
201
448
30
153
204
215
138
486
182
183
256
193
407
395
311
218
309
75
241
264
52
53
202
80
413
156
288
205
226
475
173
321
406
279
289
297
442
223
49
169
108
127
119
415
285
192
486
481
325
356
408
357
330
368
286
149
375
219
161
425
360
246
4
275
349
465
68
73
420
302
87
476
268
366
91
206
143
64
83
261
373
161
385
185
391
173
200
105
211
311
81
132
353
5
6
13
165
32
379
427
145
142
142
465
379
103
307
63
184
140
394
479
124
14
464
230
421
15
498
71
435
372
59
316
244
104
326
25
47
40
25
396
55
16
96
181
190
205
345
422
443
262
44
387
173
257
190
202
123
209
383
135
393
397
282
49
239
399
99
30
363
386
323
54
102
273
252
184
134
266
85
427
284
52
330
128
400
297
401
219
462
326
333
360
84
187
62
228
392
414
459
116
179
3
98
221
330
270
248
290
145
231
467
126
477
463
438
36
327
221
80
39
13
323
265
232
49
190
11
33
295
128
271
254
205
466
319
310
196
20
163
83
377
299
362
127
42
381
227
135
124
412
465
249
457
320
22
409
352
100
339
8
27
218
333
450
379
373
22
434
163
228
90
263
237
278
24
381
16
70
100
15
115
362
278
160
156
411
67
420
91
241
126
268
467
181
278
231
310
78
277
37
343
325
381
384
199
82
48
282
100
94
175
196
269
82
177
450
6
340
110
228
