1
202
437
279
127
480
18
322
144
240
236
109
417
160
184
6
381
87
495
109
61
346
254
54
241
155
121
175
325
195
270
244
301
1
46
370
218
199
431
30
231
178
123
205
42
93
329
181
331
454
206
186
350
460
298
397
75
288
363
177
449
442
328
436
81
224
389
68
202
20
492
232
375
10
12
393
94
31
298
13
373
303
40
5
381
432
146
169
337
21
159
312
408
100
341
359
219
401
461
414
244
470
105
84
78
21
242
283
61
10
114
367
50
408
320
71
231
323
133
96
180
335
273
405
457
25
92
442
91
16
263
439
257
391
430
241
324
449
179
402
162
386
142
440
417
59
56
348
115
114
47
362
333
40
306
255
422
416
339
470
192
224
151
47
292
345
373
141
38
347
302
69
397
102
416
329
376
455
404
125
381
86
170
337
454
91
492
484
249
199
120
236
425
418
50
270
370
133
374
212
358
70
1
97
103
241
239
409
31
174
84
272
197
284
30
380
321
302
1
313
242
397
267
23
292
194
444
408
80
298
161
134
279
374
37
306
367
218
160
429
219
454
124
86
320
325
300
43
296
132
278
441
427
257
305
333
297
163
448
258
165
247
100
170
192
388
284
279
129
466
281
427
158
29
1
44
99
102
187
167
208
401
103
422
86
360
358
205
427
23
282
239
204
120
389
174
270
309
65
191
380
19
195
379
91
57
363
70
293
124
77
175
275
366
236
470
134
328
31
161
238
84
265
456
390
242
80
12
288
436
60
34
129
276
197
461
157
113
351
480
163
477
176
204
324
325
266
382
248
254
155
12
188
136
397
411
110
288
43
151
19
459
397
405
228
28
421
67
147
424
182
45
44
248
227
84
160
244
257
232
124
48
481
146
195
265
381
160
357
278
396
127
444
32
224
89
156
20
123
319
491
109
218
1
478
11
305
357
390
264
426
269
252
451
208
322
361
298
312
144
42
86
424
116
53
71
222
326
70
325
68
286
231
251
125
380
220
42
429
174
90
167
398
450
417
23
342
254
174
355
165
45
458
338
149
328
452
404
91
242
374
1
447
246
221
419
132
236
73
294
415
276
142
11
50
350
143
343
444
420
419
300
198
385
69
226
139
420
290
412
2
188
90
486
320
183
18
429
141
440
