50 47
10638 14689 11548 40721 41454 27855 12689 16721 32442 38139 39538 10638 15587 37766 42399 25266 28952 13777 10662 10639 39318 10638 20497 30174 27780 17716 18566 10638 22789 14486 21063 34390 10638 24099 10699 10638 15180 38709 10642 10642 10638 10638 12455 10638 26038 10657 37514
41188 38074 10722 10638 33724 30205 14580 34944 28513 22520 25769 10638 16447 29114 25087 10638 20677 37696 25072 11109 10638 14543 23426 10647 17932 19711 10676 27377 10638 12351 19193 30565 37412 28468 38221 10638 28248 25764 24386 26143 19642 10640 10726 10640 19170 14208 10642
21762 24393 19046 10649 21086 10668 25687 10638 28727 32722 40094 10650 10720 10988 10638 19193 10983 17111 16616 14751 15663 38755 30530 10639 12341 13371 39992 22182 30582 10638 37898 10833 12644 37103 27306 40533 17921 10716 41494 11641 24684 39856 39889 10638 14425 10638 19966
10638 23661 35387 32717 10650 16969 14156 36638 37772 19926 10643 10899 12376 31267 32826 10647 10669 27331 26030 10638 12528 22873 10639 10638 25431 17050 39359 25109 34716 22518 23676 10638 34096 11275 40674 16535 10638 27572 10639 10677 24157 23544 34756 10638 12575 16852 38357
36211 11120 42145 26242 30989 10640 15148 10638 38845 33714 15247 42186 12287 10695 21506 35032 10638 13341 10647 22161 29400 35556 10638 10691 10638 18407 10638 20485 10950 12710 10638 10638 25967 12431 10738 37941 33376 35312 33472 31970 11750 38714 10653 10640 24622 18643 22950
12058 10647 10638 10638 10638 23476 41499 14610 10638 30082 40919 10638 10638 14385 25819 10639 25707 10651 41357 25969 39814 18886 36612 10638 38486 30049 38077 20999 13124 10638 11388 30361 10638 18565 10638 22733 28461 13509 36291 41173 10638 35050 28333 10638 16665 15312 10638
10638 14203 13683 12795 13205 11963 34061 26860 19878 10641 15465 36449 10684 14000 10842 12460 33194 12090 22718 19586 25453 25960 39631 10722 39272 15759 14438 11694 34678 12218 40010 19801 19215 10975 39776 32730 39534 20189 12985 41975 13895 36652 10644 11227 14671 30695 19786
10681 29628 37382 33690 10638 31903 10638 20581 10985 15870 10638 33447 42308 27572 10638 10638 29844 12830 18985 10640 10656 13830 10638 10638 36861 10651 10638 40032 38641 31137 20978 10638 34554 35722 20593 41039 10649 14988 17420 27842 10638 29649 18772 10638 10646 37300 14676
35975 38506 33922 16144 11963 33005 10639 22482 10650 10670 27948 10638 10644 25813 36344 36024 10638 36532 10638 13978 10647 20996 10638 34254 13296 16358 19498 12547 10639 10638 10638 28065 10946 35627 17752 22460 36367 17595 23527 23466 10638 26773 41282 11742 41999 26800 11659
30016 10641 12924 10850 10638 19021 16092 36966 14604 10665 25496 18027 10638 25164 21177 10776 25936 40833 28958 16453 21709 10639 14102 20994 33745 11209 21127 14179 12130 34157 10865 15763 40198 13166 37634 34960 11686 36709 10642 31935 15096 23703 29362 13051 40594 33659 11111
11713 19501 29816 10638 10696 28386 24569 11750 14927 15823 35620 22778 11876 10639 40463 10653 39290 21065 31466 10973 40544 16152 16635 12181 10638 13175 10639 10638 22285 14593 10639 11232 18653 29938 27235 36438 40472 10638 16533 39277 35287 33971 10638 38637 10638 27327 22325
34438 14175 11666 31455 35154 19635 15163 29533 25991 10638 10731 17519 15841 12934 39590 10638 21683 10792 32163 22260 10639 10638 10638 10699 25305 10638 11491 18538 28167 10950 10638 26754 34891 31940 36683 11043 18000 40655 29469 37506 10638 29382 10641 27987 21189 42244 10638
22369 10638 10652 41042 39766 10638 10639 10638 10638 35931 10784 37852 22944 11340 34002 10846 33571 10638 41699 10638 40781 41270 10638 10638 32987 10638 10960 11094 30092 10639 18900 11517 34297 21612 20517 31916 10638 12937 11160 11351 30555 10638 36937 14291 12365 30825 42542
11386 12343 10673 24849 11951 10638 35824 36253 12211 35291 10638 10638 10672 34230 10638 23951 10638 11513 26043 26802 39666 10645 15800 29638 24276 10641 12836 10647 19828 13015 41457 13698 10639 20924 17810 40548 11218 32206 39418 10912 35449 31113 33435 41812 23237 21309 10641
10638 10638 42032 13684 12062 40638 10638 37547 10654 10640 10693 37312 10638 10638 10673 10639 42160 27867 37675 10639 41690 11047 11068 18765 10638 20684 27425 11333 10638 15209 34912 23990 10711 30250 32152 39803 22600 15999 12998 10723 10857 33383 28308 36350 10639 31874 27849
10638 37099 20671 23933 10638 30780 30254 40857 10640 10662 10644 10640 10649 10639 10638 13651 36532 32348 29579 27446 22937 18724 29916 10638 34325 10639 10638 10922 12071 10645 36872 10638 32157 29203 10638 25423 10640 38354 29818 27725 33528 37190 10667 11777 10680 27420 26877
34262 10638 20324 29723 20900 11393 38867 16797 11048 40490 10638 33882 10638 11468 10638 24739 26684 35445 36672 18760 26012 10638 31106 10638 11421 10638 12337 39344 38044 10667 10642 10643 27011 36921 15872 34466 10641 10641 10645 10638 19293 38111 36509 10638 10638 22138 29702
18035 29737 20340 28199 11079 10655 23961 29213 10638 12284 10638 31632 14326 10647 11194 28331 29192 30284 11086 16035 40486 18743 40821 14846 31654 16158 11864 10638 21038 40832 32943 24791 10638 10742 10715 15569 40441 10644 17802 42482 20092 13632 36900 21159 20380 10876 25608
10677 37489 30936 19851 16952 10651 33953 31914 24236 28242 37066 13792 10643 10638 11043 17691 10692 11609 41032 22890 35012 25368 12302 33109 12677 10840 22417 10965 39095 29910 24729 28147 16678 17506 11418 22167 10638 31775 10655 10638 10643 31953 10638 14851 24114 37871 21887
25540 14347 12012 33825 17781 26905 10638 36459 42465 16600 10646 32230 26213 13022 11055 25878 12493 32168 35451 10687 21424 18174 10638 27035 10697 11110 24834 39911 35150 11980 29853 23226 13504 10767 28075 31458 13889 10640 14036 11616 23913 10638 33039 26121 23437 27303 11117
11245 15737 10850 14870 10831 10638 10638 33725 13665 35678 41239 42348 10650 15149 36528 10641 20119 30561 28487 27706 40655 10638 39524 14275 37468 29488 32286 11656 38776 10638 10638 15695 10638 27317 36886 10638 22277 23897 10638 26240 10638 10638 19605 11408 10638 34862 10638
10647 10668 41529 25880 10646 21672 30131 20101 10638 23413 36645 40021 26160 10638 12872 15958 10763 20488 10638 39384 40169 13103 10638 21904 23138 38751 29721 20682 20414 17679 14446 24307 38301 29669 17506 11890 11373 32581 13220 10698 12908 31175 10639 33558 19418 10642 12578
41464 11706 33837 18387 10813 11167 33183 40341 22281 11382 14038 10643 38465 12376 25244 18557 20695 10638 26261 21416 10639 30923 24821 10638 14791 20442 10638 10638 37316 10640 10655 25069 10638 30600 11253 40657 40425 36035 15853 30513 39605 16785 34506 10725 10638 11025 10638
10638 10638 36006 27706 10638 39852 11330 10640 10658 17185 10644 10638 27747 30946 25130 31779 17758 10737 32954 36059 11185 37700 13852 10638 26307 10638 19207 31528 25935 10638 37829 18597 21158 16004 25787 37127 31757 10638 10638 17671 15006 39660 27928 31983 10638 10638 19630
38780 14528 10658 23988 10840 35718 21827 34204 16379 11350 17489 22996 10971 11084 34055 16188 10711 18387 35452 23592 13181 26094 22675 29138 30819 25912 25320 21291 35155 11683 18043 23818 28216 31161 11666 13392 27296 14635 13391 10663 11467 27502 13222 12246 39321 10745 32751
11080 40977 16412 10638 25008 21446 12134 39499 35233 10638 10638 17120 17416 40967 40591 10657 10639 10638 12032 12228 20948 10640 18727 11413 10721 24007 36170 36172 27735 40348 19579 12230 11854 30943 35957 38483 10638 23871 34543 10639 11146 10638 10648 10638 10705 42447 32169
22862 11500 42252 11871 41880 30393 18606 15750 39377 24680 25155 22113 20596 40842 10638 37908 17218 21540 10688 41984 41828 21090 33157 10638 11493 27844 10638 10638 10788 18274 11190 10638 10638 10707 13885 26240 20015 10638 10638 13826 26169 14524 35955 20369 14127 33145 13055
40708 10640 20419 21970 28912 29651 22983 25154 26141 10638 41960 29627 23737 30988 30796 10639 10638 33770 16395 10699 11314 10686 22449 10946 41450 26785 10638 10792 10663 38905 17194 10638 29149 10638 17880 10638 12071 18378 10674 29444 28479 35628 26561 10638 38502 11757 10638
13260 38229 32967 10638 28594 10638 10638 31122 37664 10638 23504 27641 10697 20126 10638 10638 10638 35694 39103 37542 14684 42307 36393 40934 35056 10638 21782 10638 28799 19826 25103 28263 10693 35460 10782 12422 27074 17186 36154 10728 10638 10638 10638 10638 10641 10638 10638
21952 37771 10642 27432 29345 10652 14479 34935 36907 10640 38597 30833 17634 10638 10642 10638 16478 10638 22239 40734 10638 10638 10661 28054 10638 25100 28476 41723 17741 18088 41643 10638 11218 42533 10638 30882 20420 38608 10640 10638 36683 12700 15404 11064 29358 10712 10638
16895 34379 25042 14122 35859 17950 11594 10638 11000 41318 24534 42016 24789 16195 41283 25056 10697 28229 18456 11840 38582 22189 10638 23894 36930 25160 20418 10764 18244 28460 17996 17051 11137 14240 20804 10641 10638 13366 33620 21497 26183 17743 32117 10672 10647 10967 23510
10638 10638 36854 25345 23695 14674 15084 26983 34126 30964 17296 24749 24551 10639 24327 31808 42090 37339 14899 21845 19986 33696 29942 24273 10806 10642 39270 24093 31703 10638 10640 10641 22274 19084 11024 10638 24264 12830 10638 32796 10638 34128 22876 20870 11716 10638 10712
10638 10638 37663 10639 10638 10639 11719 10659 34678 10638 10638 35161 29910 30032 10638 10650 40568 35264 27076 13978 27077 28884 19524 10675 40329 10638 15649 18488 29224 17740 10638 29388 15545 10638 29489 39810 21772 38078 38938 23376 24146 10638 41621 10643 13312 10638 10638
25227 34810 11452 27974 24131 27437 10638 42237 12752 10638 33162 10638 23207 18135 11044 10639 18608 32658 26586 40752 26762 15278 10638 24427 24063 35241 10638 17631 11029 10653 30139 34943 20237 10653 17236 11923 10638 13516 39567 20027 27274 10638 10638 20965 36599 35284 10638
10659 21216 16960 16068 10638 14403 10638 14764 10638 27611 36423 36972 38284 20122 27646 42030 10639 10701 29806 10638 11211 23701 10638 29860 33020 22170 10678 32374 10646 15047 10638 29273 17142 29883 10652 15478 30780 16838 38297 22334 10638 20307 30885 36702 10652 24785 28515
23176 19393 12940 42133 16252 27382 42532 17403 10638 25413 21360 10638 10638 24745 23609 10651 22866 13273 42365 37909 31219 29808 20076 10734 41898 19457 10814 11384 18045 10644 11499 10638 28676 23043 15549 10649 24386 11285 34894 10638 10641 29715 10681 41582 34046 20860 11823
35003 25204 26143 16684 14615 10638 10646 36107 34631 12669 29756 10648 10640 21613 17668 22704 40106 36286 25800 10673 11061 10657 10783 27710 19860 14551 10810 25721 22262 17026 16985 27674 10721 13277 28857 25615 13805 12308 32328 33008 32275 23961 18773 31856 31098 14281 14503
10656 31076 41754 11235 27305 14124 35032 22131 29628 10639 12485 19586 36258 36867 21724 30482 19459 19720 11416 10644 25242 38372 14870 17430 19281 12282 10643 10638 10638 16512 10638 17662 11235 34042 40639 10638 32659 10638 39928 12784 33464 21437 27117 10757 24534 10638 23061
22546 38104 21968 16393 10665 10651 35286 11321 10673 19230 10638 27716 27266 10815 41688 35278 21915 37520 10650 10639 10645 10638 38226 30220 11149 40332 10638 10638 23635 16912 10640 30410 10794 10639 35955 37011 16416 10643 10638 23099 28289 18901 15362 38747 33386 10638 24437
35742 17461 24191 18377 35803 10642 30026 27380 36084 13267 10657 12555 11216 32918 10638 10847 10812 36659 10639 13056 34043 35480 10890 10668 18538 14749 39966 10638 37659 23918 38653 10644 10638 10638 10642 19462 10644 10638 42501 26698 23665 10638 17807 40892 18538 25166 26617
22848 33771 14445 39830 31152 10638 36445 11661 10638 12231 34651 10638 30859 12683 18734 42080 11075 10736 16567 35803 39159 10655 10700 37060 28252 10638 14544 10640 35117 13445 10638 10655 42490 11022 15405 10809 41194 23122 27974 29802 10658 26058 15188 11035 15376 11904 28975
10638 10638 10640 10875 36766 19033 34144 19481 33663 23060 10638 31458 31085 10638 10642 30511 12426 36161 10639 10705 36753 33956 10640 10638 10640 32310 38251 17488 15337 11021 18845 26809 10638 30375 18976 19300 28166 19026 15194 27672 12536 31925 30809 36497 10638 25780 15939
14565 37024 10638 14625 10638 20768 21086 17790 35314 10638 13464 19150 10638 10638 17117 10647 10638 30341 15122 22374 10645 10660 10638 36232 36270 10852 13176 31369 41707 27098 39583 40914 13394 10653 41426 19369 10883 23454 25746 34370 23686 35413 11104 24515 13036 10638 39954
37779 18312 10639 41817 10638 33771 23455 10640 21109 17556 10727 16801 10823 17099 11051 30690 18145 10638 29661 11483 10638 12555 31622 31748 10638 10638 42362 28578 33541 24913 13200 10638 29301 21113 10638 10638 10638 36059 10645 27221 39833 10638 17805 40857 26102 12660 41947
20627 41544 14863 19496 33849 10652 13456 33286 39721 38221 10638 10638 10648 33347 10638 32625 14471 40418 11107 10638 10638 11410 37021 25650 30674 39878 16560 25545 33912 12998 19500 20265 17636 42128 10638 10645 27614 15833 27127 10638 16193 12191 15254 11871 10640 10638 26020
29084 26976 11954 12502 10682 10638 16540 10638 10640 10638 11128 19842 10962 11888 22954 39638 41997 19361 37299 10638 23663 39846 37091 37568 18289 36185 39917 32862 20190 10639 21518 36744 35560 15683 13199 11080 18034 10638 15104 29590 35588 10638 10638 31217 11177 10671 10672
40000 10638 11032 10871 10697 36166 25193 11009 12280 33336 10639 20059 39194 23336 10673 31470 11526 39690 22604 28330 21246 19014 10642 16334 10639 21135 33679 10641 34560 22657 38699 18270 10690 16866 10639 10646 18842 10638 41100 41974 34043 27015 10821 34414 11982 13433 10638
29811 28605 33467 33573 13593 10638 10638 10638 39167 10638 23751 10644 35830 27554 32138 10638 20456 36669 31912 12292 35361 22845 15183 11808 12358 21111 10638 16421 39671 42235 14714 26893 10638 31120 36495 18578 10638 28022 14410 10638 10638 10638 10638 36234 10644 10638 18141
10638 41526 27679 12784 13267 28592 27141 20270 29464 10640 10638 37513 22519 17977 33963 38469 10639 19309 24782 10638 39855 10638 18461 11967 16106 10638 25756 33470 29161 13397 40830 21156 24504 11178 10638 10639 24349 32588 25034 10638 10652 10643 19782 10639 26224 23242 29367
28846 12952 36809 10998 10638 24307 28131 33190 18856 40557 25141 10638 35329 19314 23296 18960 13367 10638 35693 10638 10638 10638 13605 10638 13974 16285 11551 10639 40843 11422 10771 39777 11970 20082 22197 13917 24834 36191 37711 16820 20155 35817 11013 12462 36511 21119 30122
