112
88
307
37
361
139
87
403
260
243
361
204
229
142
252
333
91
141
54
437
317
259
217
495
29
375
424
419
326
400
406
410
183
221
309
423
242
491
196
368
132
128
121
218
100
7
428
314
153
258
440
338
351
306
459
163
33
9
45
395
90
179
303
21
11
50
15
85
135
19
423
215
109
391
52
441
404
120
145
7
330
129
172
93
286
470
356
242
281
147
19
262
178
155
159
398
127
268
434
391
434
445
307
453
109
15
157
316
437
274
287
363
350
345
442
15
210
169
355
132
248
28
233
361
76
471
459
343
215
41
378
342
90
412
286
53
461
82
315
284
58
19
256
440
31
423
179
471
111
344
170
411
388
458
335
344
49
210
131
417
135
29
186
33
92
417
415
359
206
467
121
122
352
185
4
151
309
172
68
368
3
246
125
247
359
423
312
48
445
162
268
393
40
439
98
361
372
279
98
430
213
191
400
274
7
298
1
189
187
152
278
260
302
277
2
127
320
216
421
239
434
468
359
161
164
392
208
100
21
116
247
79
238
345
402
54
482
370
465
338
442
126
40
240
237
334
142
421
292
221
209
4
226
55
111
209
31
26
394
355
270
2
430
88
55
3
467
353
416
155
276
484
390
38
45
24
449
318
183
368
470
278
163
1
327
441
112
83
73
464
250
456
156
394
240
53
63
345
266
36
274
464
63
432
46
60
137
485
71
59
408
357
75
278
407
354
293
1
274
261
230
349
316
147
231
74
165
387
172
375
180
177
359
218
91
457
216
149
352
104
26
233
165
361
135
42
404
322
234
179
357
278
235
7
434
51
167
463
200
156
155
137
319
160
444
93
271
333
378
118
188
381
498
193
89
312
27
218
252
247
115
211
332
420
12
479
193
93
452
70
134
244
135
371
89
370
347
75
447
313
266
105
430
21
470
367
36
460
281
384
68
7
288
189
260
35
432
121
475
376
229
281
304
91
159
386
310
35
273
310
322
51
163
286
203
292
241
313
352
91
390
324
60
63
153
435
252
231
41
447
195
337
96
361
287
161
340
456
433
122
368
97
408
53
285
255
388
203
287
341
60
202
271
108
221
198
139
412
146
132
310
300
92
148
352
462
235
234
32
68
192
299
209
198
317
12
104
81
441
197
