150
456
170
186
200
200
443
411
432
56
76
258
118
17
416
195
386
452
215
232
300
303
35
54
380
70
76
372
293
129
170
210
282
403
74
43
455
28
479
144
253
7
184
9
48
209
34
207
301
421
394
26
168
446
404
398
66
110
276
219
151
376
106
487
38
7
17
243
144
306
246
315
52
348
189
142
137
150
304
476
107
203
425
362
261
114
335
121
232
441
238
103
179
212
256
132
246
315
371
425
163
447
424
380
288
398
126
322
120
170
400
39
309
432
183
411
478
332
286
319
179
331
200
103
427
227
165
491
25
114
311
357
188
173
432
294
26
230
354
206
324
201
78
121
38
198
37
472
441
215
361
263
59
368
4
368
362
110
53
68
361
368
275
312
79
314
346
313
467
197
387
363
284
121
409
440
137
180
479
438
112
376
98
165
161
486
127
306
481
381
270
6
45
305
179
252
52
191
118
163
156
132
84
394
316
321
264
414
245
193
248
419
263
466
367
72
413
470
136
108
36
85
220
27
430
63
370
309
139
259
2
426
183
265
66
410
287
39
3
34
339
414
296
400
225
23
166
354
13
173
95
139
255
268
102
417
295
413
342
301
4
169
127
231
274
50
383
18
295
335
371
379
430
13
20
172
282
89
93
111
101
184
259
461
334
166
467
408
285
342
254
247
430
178
163
1
193
186
490
153
53
236
257
100
109
306
340
383
72
429
85
437
281
343
160
464
3
286
438
268
1
13
44
320
219
345
391
313
103
182
169
330
234
459
99
135
382
178
15
183
351
106
384
381
300
441
168
399
82
290
216
166
55
36
4
411
435
95
15
425
269
110
287
368
402
167
255
244
58
7
72
298
29
73
309
111
258
196
165
187
14
166
281
34
492
21
334
156
276
276
141
121
223
24
477
412
190
166
356
99
302
375
60
227
57
294
462
486
429
338
237
409
163
81
346
3
88
481
475
126
80
344
455
480
395
361
489
289
309
381
134
250
98
142
328
465
61
452
252
317
422
361
335
253
9
27
421
116
153
233
426
91
49
293
434
146
230
251
289
133
212
227
45
462
293
140
144
334
87
55
410
273
47
65
109
310
96
288
173
355
3
290
375
296
85
354
353
214
140
413
457
242
170
143
284
101
233
92
391
368
