50 24
72736 40215 63954 20905 33387 65935 37858 28307 20867 42001 53992 65031 21446 25494 32698 66288 70511 20873 22065 51881 20865 45307 56449 20935
20952 41463 28077 76774 21105 71494 25123 45599 47382 38543 21058 67343 39381 20865 77487 20979 72635 40174 66245 23681 28938 21028 20865 62809
40273 68764 21025 22909 54064 20970 60919 50759 21439 82810 62964 83068 43837 21454 68010 54172 42663 32220 20837 21096 25397 20841 21511 37998
54409 57400 55859 49691 70848 35742 44430 20847 40074 41546 55206 31639 33495 66287 36225 25547 37658 44068 23593 58407 30017 43246 21439 22327
27110 54991 79935 21676 21443 25572 78231 20835 45528 36057 42320 21325 75147 22707 20852 53461 20920 61584 30075 27546 81990 83188 21805 25702
27759 39655 20979 32651 20906 42001 26911 81005 64438 62083 22280 26336 27851 30068 59669 38948 75556 70003 29637 58684 54298 41707 22231 24344
20837 20833 41789 20834 20862 22816 20883 55927 50281 69197 24683 82914 20833 63641 22085 20833 20833 59075 20875 20888 76063 69931 70198 82889
52849 37079 72758 25575 37519 33587 20835 21219 75113 20841 78122 68855 43283 66252 44714 27983 28327 66461 20835 21812 46320 46666 22162 20833
32551 39693 57667 73669 20836 37448 46297 68259 64712 20855 20834 20989 26499 70131 20901 82351 50730 30995 20861 50754 80453 20836 20833 20846
46999 50634 20843 72542 58752 48254 75066 21526 43900 21141 32879 32171 37675 51997 21953 36078 26049 37515 44017 69205 20935 26103 82827 20939
53179 65646 22269 72373 21613 82611 35790 33876 27452 41141 21676 40679 26262 22944 52293 29039 51983 21288 62686 24805 21691 79062 32056 57586
25547 30028 29141 20876 23872 34372 21392 82704 81046 52861 35693 21291 64722 47691 48278 21631 46084 44660 21909 67031 21013 26793 55850 75515
44576 80610 64266 31215 20871 20833 21353 81417 27863 20883 21162 21004 74181 20851 31503 21534 20889 20834 58978 36304 60314 52124 69888 76547
66911 45506 46697 23898 20833 69501 20833 21540 67923 20833 79458 64867 43405 34745 20833 66316 20845 65699 20833 83115 20842 20833 32851 20883
46438 25305 56415 34251 60392 58627 22234 28922 41291 36793 43241 70605 23792 52437 43487 29064 69089 37756 61869 31272 21793 22297 55898 26732
23441 49002 47733 76269 56682 20833 67750 20844 21443 20926 37578 24029 60327 20931 41862 41523 51795 21029 75424 61505 29554 57829 20835 50856
37016 37364 62251 65586 45181 21429 58026 22441 25646 21548 59430 25479 67043 24787 63578 23637 39166 43555 38295 23435 74652 38743 36822 44890
20833 20835 35552 39221 20835 22554 26742 53286 22142 56263 26427 70838 23412 21814 20850 72901 46329 34363 79511 44749 68648 71722 79316 20857
27611 29698 23097 58549 59360 78045 32120 82443 50915 33977 40664 26549 31049 31386 20941 22515 21351 21125 79870 31149 49319 63880 21116 63271
20913 36998 37841 77237 27473 20843 20833 29376 62833 69864 63508 23379 20849 70808 82260 48812 20852 76646 20834 22642 22466 30544 20833 71356
20833 43138 25852 65640 81011 54533 33175 21952 42852 20867 64832 20833 20833 48658 49747 61389 20846 79993 20833 20833 44953 32228 48772 55397
78668 28919 31797 43129 45925 44491 76751 33587 21417 20838 34004 56986 70740 37445 32480 31375 20918 20988 76641 21519 69478 22094 57418 22392
78564 25529 30288 66152 22593 43608 52875 31575 21197 38539 23260 27688 61744 24273 38724 33552 61577 41822 24436 70050 66640 36441 46376 32497
20848 20847 59191 21845 20847 70849 65606 27181 69198 21553 82016 47289 20880 21058 66851 42166 32817 53784 53750 45204 42576 34795 28438 30411
21619 67296 21784 22305 22589 21785 56445 50799 21147 40156 23518 25070 79611 20909 31429 21245 53565 34066 74046 69929 56151 72929 55257 36350
73062 79310 20901 24145 20938 57521 21510 70561 22610 20955 20883 56002 22423 46591 21076 26848 21527 24107 68039 51629 77905 42652 35777 73028
60691 20833 39992 20833 21565 21654 46111 29813 76167 20838 61034 35690 55187 25012 20894 73497 59218 20837 62452 21619 58222 20839 53642 73360
32183 48601 20987 21493 25035 79484 48242 66666 50828 55952 22760 44334 22204 75917 54853 20885 31319 35028 69275 57237 21829 46206 21242 27440
20849 32302 45857 66772 20858 20834 62366 20833 60914 29965 76982 20833 65157 26278 20833 82473 21001 81772 21194 42394 20834 30468 69486 38745
43785 81171 59181 20839 21805 29275 20833 34879 40964 20844 42988 42537 20877 45807 20834 82592 40633 25528 66017 55791 62344 31768 39709 48999
21030 33946 20878 20868 38189 27959 75875 21400 25993 20988 24276 57468 29045 21013 44463 82503 55511 54665 79332 20910 69520 41228 74283 38657
44153 38854 21100 55378 45959 40112 20985 47651 39835 82199 62447 38962 22378 21948 25538 35491 65686 33266 45280 21079 44456 23067 63470 60706
21171 65125 20833 75281 41027 30799 20834 24134 26016 21129 20946 81051 78379 20833 37199 26024 77266 20833 75960 20833 20987 54785 39071 79484
65651 58760 24204 21026 78200 72647 21222 49574 39979 62053 24435 36828 63332 32920 20903 20835 43207 22048 20834 67484 67939 30178 29919 25822
65327 21784 20833 24477 24916 20836 20835 80337 29569 44922 20983 58962 80283 33738 21052 79941 29400 73717 20848 53802 61123 46067 21070 45178
49221 27743 31779 27138 30413 44272 29600 22781 72436 21383 71457 21470 26196 65150 57104 70232 68634 24925 21934 55816 21928 47715 33436 57237
75625 37517 28146 27148 28799 22411 22071 23878 59862 20905 20880 68644 73550 72295 20926 54431 34396 41252 25619 20928 43505 64776 32437 79999
21047 31077 81060 27321 75040 43876 32552 44905 20873 20969 77774 47674 31680 20872 38243 21336 25215 21015 77738 63071 70712 31824 53137 20989
30594 21517 77033 20856 43716 49859 20853 21431 40723 64733 20877 34529 24004 66011 60310 41983 26195 57504 21446 40983 54397 63059 65877 31510
20848 63112 20866 23418 67685 64014 46138 36858 20934 45276 20844 21675 20837 20891 69677 65859 57088 20841 61443 74354 50665 21268 29901 55508
26155 39091 40063 41229 52653 76029 26167 21026 21512 64291 33620 41033 44855 67106 54697 21141 22361 71390 20993 26813 58091 26590 78467 24627
29249 60885 39840 77230 21471 22681 20939 38006 46007 20913 61068 65752 61384 68411 36389 23950 39562 48967 53977 34012 41743 21111 22018 44435
24045 43910 75595 63142 50912 32636 70532 40768 25869 30257 42673 55841 28317 76613 26040 28766 47281 21156 24167 23955 71740 35671 36186 23928
74699 47847 76639 79166 53372 40103 22125 20965 23225 49514 43737 68085 63690 54435 20848 20879 20909 20834 37237 21251 58686 22549 38369 20836
21401 49532 23334 20950 28432 64686 35276 61342 29695 68792 57960 21187 26527 81379 53994 21523 27308 81014 26706 32374 38501 59530 44665 23892
38814 21163 20834 20834 20834 55929 65232 73245 28936 21635 73647 50281 37763 42992 20998 49865 81701 43460 20833 66183 35059 59965 21017 28780
21103 23439 20909 37432 32874 64794 66264 48559 20837 55453 76889 20991 34762 20834 69108 22848 20871 49233 22619 69358 52461 72674 54839 20849
71249 64213 27709 54867 26929 25941 20875 83296 39193 58042 20833 21399 21620 20833 20891 78607 26622 78520 72758 35740 20842 53611 21366 34044
38315 58786 24055 21785 30645 79700 77713 20837 20839 78005 53963 68047 60670 20844 59466 20847 20834 55680 20835 45516 32664 44001 25113 20840
41149 20833 30828 58394 76131 24478 63977 25756 20883 26250 36515 76986 43132 20857 23322 26491 73602 20929 40422 20835 45711 21480 79982 81057
