161
217
308
207
14
218
144
226
56
247
281
100
144
350
91
287
328
150
1
387
35
26
242
186
30
322
200
426
283
272
276
31
53
467
376
249
427
389
79
404
2
121
319
40
267
493
250
418
78
492
369
121
61
58
215
327
23
195
491
457
411
2
32
199
125
187
452
305
453
419
352
114
153
434
278
463
3
111
228
47
401
304
382
34
240
35
412
332
102
67
83
73
134
394
110
273
99
409
341
333
464
343
329
158
385
327
157
205
1
497
282
430
222
470
247
359
434
177
95
113
422
122
74
195
166
227
355
196
276
36
311
449
276
320
190
284
352
454
469
149
90
201
27
430
169
95
273
435
295
478
290
101
34
417
428
456
485
155
4
67
105
433
389
343
123
183
294
452
11
105
437
84
35
184
320
333
348
340
302
445
303
114
137
91
60
331
369
458
279
106
306
474
372
411
155
196
55
211
22
334
470
411
70
300
367
433
384
106
158
251
432
378
238
160
80
391
404
158
408
413
66
60
24
242
434
384
260
122
290
283
106
195
52
140
207
325
187
353
313
6
34
119
273
326
109
290
262
155
130
359
237
168
290
46
56
4
69
74
192
356
349
297
466
296
275
475
352
373
145
342
160
304
337
399
197
370
263
172
60
254
468
88
194
44
406
172
244
273
160
249
315
221
279
363
11
126
120
199
110
404
28
227
360
256
24
277
306
246
85
432
322
296
262
198
369
309
308
453
94
235
70
10
408
161
229
120
434
263
368
383
312
332
374
13
421
84
114
347
225
128
56
441
438
83
208
102
378
399
265
151
301
119
83
145
369
445
463
419
85
111
161
431
388
225
207
249
156
284
28
341
257
346
12
201
77
75
159
123
48
241
140
144
411
257
211
204
309
178
484
117
207
161
255
339
350
470
405
164
255
179
319
135
367
433
145
35
80
75
396
245
458
362
119
227
269
299
144
125
367
39
341
77
36
16
145
221
49
59
166
361
464
245
20
180
370
5
165
442
186
244
418
272
12
433
354
433
112
14
455
180
191
199
377
278
213
174
485
372
443
292
433
193
458
395
97
61
325
391
246
41
19
152
216
2
164
61
107
18
350
478
2
69
290
222
259
19
180
36
491
247
76
412
19
435
156
67
489
403
249
315
