127
147
60
194
101
108
188
210
98
72
118
17
91
113
30
109
75
75
68
183
24
129
87
163
131
4
90
176
228
61
196
37
86
39
41
160
194
92
18
59
232
126
48
216
14
246
1
112
14
235
248
157
89
63
208
210
129
2
54
116
73
122
71
162
33
204
82
181
178
168
195
223
198
6
239
136
110
131
227
99
13
156
228
5
158
191
108
19
94
36
42
155
62
115
84
64
21
2
121
151
178
128
22
180
180
138
233
244
209
215
179
28
72
173
43
161
236
28
154
31
60
79
81
153
101
213
102
237
181
204
84
119
135
74
103
176
214
15
111
211
195
67
167
221
100
68
238
137
66
205
50
80
134
83
67
30
40
130
225
120
220
187
171
166
172
192
229
70
105
164
97
209
36
45
20
106
158
188
245
168
7
126
44
110
160
111
169
133
113
106
38
143
189
135
239
189
201
237
201
87
96
174
29
226
223
9
124
98
202
4
155
81
25
51
47
232
44
93
206
121
91
15
13
114
247
83
132
100
229
107
70
142
26
233
7
185
147
77
107
226
62
197
227
151
88
175
117
216
230
3
146
134
65
39
125
241
221
157
88
243
214
166
145
66
1
34
203
127
231
20
69
51
208
27
38
58
45
64
200
114
171
141
222
192
132
123
52
5
140
205
191
50
186
12
103
164
144
241
115
193
170
207
23
182
199
179
61
124
41
53
63
120
1
19
175
247
27
32
165
86
125
159
79
218
33
92
89
17
8
165
93
242
163
57
119
48
177
34
238
207
138
172
3
230
225
76
150
173
77
52
116
11
95
117
16
220
56
145
128
35
9
133
146
26
53
10
213
217
58
55
219
97
43
104
170
140
212
82
169
243
190
10
236
76
123
32
35
200
139
245
156
177
152
197
118
148
130
196
2
217
78
167
211
23
57
46
219
218
47
198
149
2
105
102
49
65
224
78
212
246
18
12
240
59
224
152
161
139
144
37
112
16
46
184
231
6
215
25
49
1
95
143
199
99
182
244
142
150
162
94
55
149
234
21
85
153
235
154
96
136
186
29
190
104
73
193
3
234
31
148
22
141
202
40
56
206
8
222
90
185
109
159
242
11
187
183
54
85
80
240
174
184
69
24
122
137
42
203
71
74
