32 30
166 526 166 390 166 166 166 351 562 382 174 185 500 601 566 434 242 446 650 299 587 396 297 173 181 186 168 209 191 474
537 236 467 305 575 200 407 244 166 261 238 240 429 255 389 429 239 382 613 281 324 388 389 183 222 166 312 277 345 501
521 446 166 494 263 472 424 391 177 416 166 322 508 166 166 331 175 390 266 361 185 551 356 587 166 433 509 166 183 243
166 392 243 577 269 290 582 167 216 222 324 373 166 493 512 208 168 234 166 166 562 582 194 316 471 444 166 439 416 476
603 166 178 638 436 166 345 234 655 570 258 658 166 166 167 166 407 166 603 167 166 176 641 172 238 666 187 179 178 482
512 588 197 166 166 202 213 292 475 612 169 287 166 169 230 499 389 273 566 412 175 340 535 460 284 482 519 171 285 166
177 277 259 167 178 415 520 259 555 174 169 432 244 274 371 245 642 248 229 333 178 166 168 540 570 314 245 558 546 547
323 471 176 166 570 167 416 264 179 171 232 276 249 281 456 274 385 611 398 293 237 422 475 508 183 225 220 647 217 508
482 167 245 537 328 167 214 166 184 420 540 272 437 166 570 320 507 427 191 179 336 618 613 213 325 191 639 192 188 166
206 174 413 249 374 354 548 171 176 301 362 182 330 574 510 323 399 167 167 294 255 549 538 493 170 166 474 166 541 374
471 203 180 166 526 170 313 272 269 496 469 189 279 657 600 166 319 188 472 214 368 295 253 524 167 166 324 557 353 374
632 501 584 170 183 177 219 240 599 630 431 420 174 608 177 172 385 380 534 171 187 252 195 202 248 166 409 175 465 314
434 167 166 556 246 365 390 170 590 531 394 645 168 253 166 490 175 241 327 166 537 177 434 298 514 196 402 470 166 166
626 376 664 652 547 166 166 166 200 331 166 166 250 166 422 538 166 176 294 579 503 647 333 409 166 380 166 195 218 166
166 277 256 167 178 253 555 608 255 614 263 243 458 336 495 166 599 533 313 212 230 634 220 359 288 233 166 173 351 399
399 509 284 449 499 477 189 282 525 214 241 203 296 172 186 410 542 393 228 288 607 289 170 592 217 213 383 185 179 379
361 362 610 452 378 264 215 169 273 166 255 197 387 223 267 166 202 247 175 199 275 168 654 358 632 643 467 475 176 584
418 170 412 530 389 166 196 427 422 266 184 499 517 272 274 571 169 169 638 166 283 393 168 166 166 166 534 522 260 487
215 250 558 324 188 648 348 211 353 167 325 580 166 166 353 409 187 611 166 166 522 166 564 329 452 169 166 357 390 494
166 298 200 166 166 333 539 376 286 166 390 663 306 658 166 411 215 646 235 215 200 223 166 518 166 206 530 521 434 435
296 269 246 166 551 169 379 166 626 417 194 166 166 245 409 343 190 233 227 300 519 173 631 166 526 428 538 245 639 377
166 426 338 166 181 167 471 166 182 166 393 621 637 442 268 166 286 166 166 369 166 619 645 410 167 658 424 470 166 332
352 355 645 230 360 166 304 175 180 545 166 178 174 277 432 172 217 233 338 169 641 554 489 262 329 621 339 189 345 563
166 620 168 455 166 178 166 604 554 439 167 390 487 313 170 457 308 629 622 341 243 327 168 495 172 414 209 191 174 207
354 183 166 166 175 401 477 166 403 191 167 480 171 265 177 344 195 622 588 223 171 232 409 545 207 516 611 376 637 382
168 489 280 166 625 582 576 166 443 178 169 460 166 395 221 260 170 455 166 377 257 296 343 458 647 512 166 166 166 477
384 588 191 240 523 202 491 166 166 173 661 251 644 605 269 357 209 415 436 181 296 175 299 377 377 194 227 166 170 567
166 296 416 237 546 364 167 309 587 546 176 244 174 571 167 417 473 550 209 250 417 168 202 200 620 256 570 199 168 335
166 166 226 172 166 550 193 663 656 168 200 167 166 419 169 417 166 170 572 644 552 189 626 449 377 430 166 663 166 166
166 170 249 382 166 166 565 557 615 384 220 166 483 392 204 213 455 476 235 174 259 269 269 260 406 177 638 481 391 412
596 537 560 344 477 190 350 653 573 307 179 290 552 316 210 173 508 221 209 193 191 205 271 314 223 463 312 226 170 187
434 512 247 614 474 471 433 180 192 166 540 179 166 403 340 166 481 666 492 166 310 171 197 312 168 650 256 168 169 277
