609212947 654505569 100
264911691 132098 98780286 132099
9009091 6 654505575 7
654495687 52188 654498579 55080
876318153 31 661653925 32
654514028 93624 654513454 94198
654507173 8448 654499684 15937
248255003 108086 262191179 108087
249769094 32 331806188 33
654512347 95304 654506228 101423
654512569 3057 654498804 16822
715661346 22 823932615 23
654495303 32326 654493336 34293
654508115 82624 654512866 87375
654499122 125543 654498730 125935
471723741 11 515216581 12
62766781 15 698481118 16
654497073 137597 654494986 139684
176141256 12 327370594 13
468185148 39 454390474 40
600802972 20 345090204 21
402707669 37 388945955 38
654510913 4714 654501749 13878
654501569 133102 654496387 138284
654502938 121723 654499999 124662
654502932 68435 654507126 72629
468243795 43 24169987 44
654505028 119636 654501294 123370
900223878 17 934462284 18
323707450 1 654505570 2
654491569 39064 654501458 48953
654502711 68216 654509467 74972
328164792 24 748065352 25
359804631 47 917928386 48
561891975 2 654505571 3
654506494 71996 654508638 74140
654498569 55067 654504865 61363
654506913 81421 654510823 85331
741449950 25 222585907 26
830499759 26 515707103 27
654496516 31114 654494328 33302
654492919 22705 654490789 24835
654506103 80613 654507954 82464
892795958 9 304944943 10
875901110 34 653220038 35
149761438 27 209607057 28
654507835 82342 654513570 88077
654515855 91799 654514153 93501
654497821 54321 654501933 58433
685966571 28 277736616 29
654495510 145163 654494173 146500
370240156 44 52021409 45
654491201 38698 654499261 46758
654509311 98339 654505825 101825
654507821 116841 654499290 125372
654500569 66073 654505766 71270
789321730 48 683290912 49
612461612 33 643555440 34
26562433 4 654505573 5
283688017 40 923577355 41
57169497 46 506678891 47
654495055 143617 654494957 143715
654515006 92647 654510076 97577
654505556 10069 654505091 10534
654505045 10575 654492515 23105
322103999 36 794265485 37
654504535 120125 654499731 124929
654501559 58058 654503702 60201
654496079 43573 654500055 47549
293461031 42 57205172 43
654498147 136522 654496408 138261
696080497 35 52088815 36
654514569 1059 654505071 10557
575891191 18 468355265 19
241007908 3 654505572 4
654505686 109205 654505854 109373
119372639 38 643453678 39
353410661 23 332517067 24
654507337 100312 654503616 104033
338286723 41 151602312 42
172456693 13 108678259 14
153608839 147105 841907237 147106
654493569 41062 654495439 42932
925229526 21 325332366 22
376496246 30 401709798 31
96148800 111089 204869280 111090
119864142 16 541385760 17
654501167 14455 654498253 17369
460539586 10 494184924 11
669612512 14 816476288 15
654508524 116142 654508361 116305
959430922 45 775889476 46
654507591 8032 654502545 13078
725117684 29 147583862 30
813619215 8 155455741 9
654503865 120798 654498030 126633
504555093 5 654505574 6
654500281 65787 654503983 69489
654493421 22198 654485918 29701
268731373 19 860341652 20
654493036 40532 654495241 42737
