202329721 242650753 100
202317785 68134 202324290 74639
878588655 32 549553668 33
867130337 23 202329698 24
950044036 84075 761645351 84076
465549607 5 202329716 6
202315750 55093 202316710 56053
202317213 109595 202316697 110111
825814389 1 202329720 2
449796519 123097 963533831 123098
539111441 123093 252261980 123094
202313918 53260 202322673 62015
794701760 6 202329715 7
949579465 132106 128529365 132107
202322412 104400 202317050 109762
695811671 123098 309538609 123099
425001436 3 202329718 4
202328422 17347 202319840 25929
122359474 41 388028328 42
202313532 52878 202317712 57058
363413188 37 156484309 38
184104134 38 700032386 39
400521365 123099 805415030 123100
832036296 33 537223914 34
202323376 90425 202322192 91609
827764509 45 501457563 46
202313902 53247 202318805 58150
202320721 25053 202318587 27187
503957111 18 202329703 19
202321066 105747 202317084 109729
702383671 36 270403635 37
413304353 84076 71964108 84077
825827406 11 202329710 12
642785302 8 202329713 9
202327608 18165 202319772 26001
843980444 44 85472103 45
806359780 42 780974370 43
202324495 89307 202317851 95951
202313268 113539 202309571 117236
308320256 7 202329714 8
573554444 24 202329697 25
356648749 26 202329695 27
624162002 14 202329707 15
202319980 25802 202315830 29952
202327655 18113 202327072 18696
202324681 21094 202324371 21404
344614986 25 202329696 26
469000562 84077 433210148 84078
556552079 84078 292457164 84079
165266867 34 571752557 35
580043726 2 202329719 3
126658 28 503364020 29
773749198 123094 886893628 123095
202309721 128102 202310963 129344
202309916 124906 202309646 125176
202315761 111049 202311928 114882
202318039 68390 202319578 69929
202315827 55171 202320738 60082
699679664 20 202329701 21
202333568 12209 202329809 15968
202326721 87083 202315474 98330
649257762 9 202329712 10
814672564 17 202329704 18
202333572 12204 202329576 16200
202332721 13050 202326233 19538
202309222 127604 202310288 128670
580072470 40 364374339 41
266701113 39 911502841 40
202324347 89456 202320380 93423
339344598 35 968535249 36
202333216 12562 202321450 24328
202317894 68242 202318007 68355
202321083 71430 202324954 75301
202330626 15144 202317553 28217
624094285 19 202329702 20
202329598 16174 202304244 41528
202324274 89531 202317635 96170
202336849 8932 202317765 28016
291417140 16 202329705 17
202333718 12062 202327186 18594
202323551 83244 202322850 83945
497935836 13 202329708 14
579313195 10 202329711 11
964443022 4 202329717 5
202316103 66455 202319278 69630
202311262 34517 202309189 36590
549915736 30 216744727 31
379662477 12 202329709 13
170837526 132104 780514001 132105
202320295 106516 202319166 107645
131415395 43 47733107 44
885660158 31 335469455 32
108870705 123096 768821681 123097
542510839 21 202329700 22
713043330 15 202329706 16
675906161 22 202329699 23
202328011 85795 202327191 86615
202341272 4511 202337665 8118
202320182 70532 202323414 73764
613755412 29 645752183 30
202319480 107329 202314144 112665
