896584150 946937386 100
992632790 12 896584138 13
896601150 130101 896602748 131699
896579537 24422 896599992 44877
896588217 33097 896626970 71850
896595024 39901 896600392 45269
896572091 16991 896605220 50120
462192217 87068 270076313 87069
896616885 96361 896606365 106881
896601679 136632 896602116 137069
952863804 18 896584132 19
58931821 87055 541998190 87056
896617867 95378 896615586 97659
896580342 25238 896585605 30501
896601375 133877 896600397 134855
504486993 87052 853004608 87053
896568638 13532 896595259 40153
896606817 119432 896605759 120490
896611848 101392 896600541 112699
975664293 15 896584135 16
304355827 87053 28637403 87054
896607395 105843 896604409 108829
896615045 98194 896612789 100450
896581096 25983 896602447 47334
610084938 90080 302530628 90081
896584750 29643 896617489 62382
254491045 87063 878419233 87064
896604494 121753 896604074 122173
984218392 3 896584147 4
896563661 8556 896586550 31445
197655715 87065 444001358 87066
896577650 22538 896608068 52956
896573326 18218 896577857 22749
988723260 1 896584149 2
235306105 87059 733122320 87060
134392978 87060 645025664 87061
896583200 28098 896592373 37271
448821885 87076 100936940 87077
963301671 21 896584129 22
987487318 87069 759664827 87070
896560150 5047 896570545 15442
964826402 9 896584141 10
686673050 87057 573486600 87058
403486793 87062 109462460 87063
896603534 48413 896628335 73214
972771739 4 896584146 5
892758992 87070 12029596 87071
896593869 38743 896600191 45065
156477708 87056 190674975 87057
896585687 30563 896603582 48458
528350997 87054 636358403 87055
896603973 48854 896620483 65364
998208178 14 896584136 15
411165002 87067 1994362 87068
993915996 17 896584133 18
896601513 139741 896601142 140112
896596022 40905 896603679 48562
102707216 87073 962340562 87074
815904458 90081 559019374 90082
896587565 32451 896627334 72220
896610954 102287 896608339 104902
990784484 5 896584145 6
961221930 7 896584143 8
896587051 31933 896618913 63795
896614611 98631 896600263 112979
896603655 48533 896606735 51613
896605809 120441 896602962 123288
947304821 19 896584131 20
979400749 16 896584134 17
967258150 13 896584137 14
896619150 94093 896605069 108174
34357550 90079 945246354 90080
242107921 87075 755802584 87076
388722714 87064 898020834 87065
896590128 35018 896602189 47079
498860335 87061 754567150 87062
986917075 8 896584142 9
86516309 87071 684112608 87072
696608035 90084 528114359 90085
979479486 10 896584140 11
194334682 87074 25195332 87075
438811420 90086 845001996 90087
896601215 142170 896601352 142307
950780369 6 896584144 7
896591065 35940 896638559 83434
375288740 90083 309371823 90084
329855008 90082 150876361 90083
999868475 2 896584148 3
896614749 98495 896603949 109295
989350302 20 896584130 21
13115872 87058 574490940 87059
896566150 11041 896622346 67237
896613774 88702 896614853 89781
678098701 87072 873501431 87073
896603414 48287 896629847 74720
896573557 18441 896587983 32867
896603365 122883 896602897 123351
896575983 20884 896587698 32599
947096157 11 896584139 12
896560097 4996 896607479 52378
896568150 13039 896582329 27218
