1 999999999 100
484461097 9024 465935546 9025
620966978 22603 621001336 56961
621002927 100571 621023524 121168
920610062 9005 45625138 9006
620982842 38452 620998498 54108
620969310 24941 620975152 30783
621020489 146040 621012422 154107
68591084 159103 838369358 159104
621004743 102388 621018289 115934
621014437 163107 621015077 163747
658586499 9017 646207284 9018
616867291 9039 842269737 9040
621000839 98482 621014423 112066
446484756 9038 556117982 9039
795269083 9020 440152300 9021
620962528 18154 621001653 57279
621015949 113588 621028701 126340
621005810 61418 621011697 67305
158003238 135083 700070931 135084
149214559 9018 617528339 9019
656315329 9006 14655688 9007
620999247 54854 621020008 75615
166923239 9009 761187047 9010
620966222 21851 620974792 30421
197988922 135085 924136015 135086
620993990 49608 621008749 64367
620973182 28814 620995172 50804
365518057 159100 648364461 159101
621027436 139097 621018153 148380
620993122 48731 620996128 51737
311786811 9021 593715848 9022
780903529 9023 174341236 9024
620983099 38720 620986782 42403
777179860 9010 367660145 9011
620971451 27070 621006061 61680
828757442 9034 854428032 9035
110985717 9036 948626662 9037
527355347 9033 875929414 9034
151509678 9027 937343992 9028
621014229 111867 621027753 125391
621013145 110782 621013611 111248
74521040 135088 538423449 135089
445404586 9019 664018181 9020
620978845 34473 620998284 53912
488450108 135084 3383448 135085
74095775 159101 829347573 159102
117648700 9013 217696054 9014
621007150 104796 621017462 115108
620974096 29712 620987058 42674
915872528 9029 948603042 9030
447222891 159099 573074687 159100
741033168 9012 500191058 9013
621005962 103604 621027027 124669
621024941 141591 621024871 141661
621021944 137583 621021772 137755
165515712 135087 144448089 135088
620988578 44201 621009737 65360
620974000 29617 621017054 72671
620980126 35737 620990840 46451
209735646 9028 432626323 9029
620977250 32863 620988349 43962
620966439 22063 620985607 41231
620977971 2538 620978582 3149
621022229 144299 621020730 145798
925780434 9026 30168780 9027
620996873 52478 621027990 83595
5866414 9007 582452495 9008
621008944 106580 621009144 106780
620986208 41823 621001278 56893
621014719 112359 621029983 127623
856019416 9015 443310490 9016
621020029 117663 621023906 121540
360071415 9030 149035799 9031
620995730 51342 621007921 63533
621003267 58873 621022238 77844
42852957 9016 948734409 9017
621016386 157148 621015301 158233
995886493 9011 636664550 9012
791959086 9022 373638426 9023
620976436 1004 620981009 5577
522519825 9025 879341747 9026
191765155 9032 649613810 9033
620985045 40672 621010607 66234
621014273 161268 621013911 161630
621023145 120778 621033677 131310
620987213 42835 620987545 43167
621024693 141838 621023265 143266
620986839 42459 620993396 49016
620987524 43138 620995265 50879
621001436 99077 621013812 111453
621017737 148793 621015503 151027
46038771 9008 88343984 9009
145886543 9014 350055109 9015
0 1 1000000000 2
620979409 3975 620983448 8014
838859797 9031 38792597 9032
281314844 135089 415756868 135090
621013817 111452 621027834 125469
828855157 9035 831911547 9036
620956436 12066 620977151 32781
