776851231 776851232 100
776830643 62448 776884697 116502
776842012 73810 776858322 90120
776835378 67170 776881366 113158
776826571 58371 776879306 111106
424592894 195072 378469749 195073
776844228 76047 776862927 94746
776893140 162156 776873550 181746
776870416 206899 776864801 212514
776838774 70567 776875659 107452
776875391 201922 776867503 209810
776861510 230808 776855047 237271
776884398 170893 776878969 176322
776830231 62022 776833880 65671
776844818 76630 776879154 110966
776861060 92849 776883152 114941
776893231 162063 776869310 185984
776864675 227644 776861305 231014
776858009 244869 776858921 245781
776843646 75466 776858599 90419
776869630 101416 776916093 147879
776859283 265153 776860847 266717
776891231 164061 776874275 181017
776862198 254128 776860541 255785
776848480 12761 776841862 19379
776842011 73793 776870546 102328
746017817 195068 850359652 195069
272360188 195071 932568960 195072
765200142 261098 672145487 261099
776880231 197083 776862243 215071
776857308 89093 776866960 98745
776830253 62059 776831852 63658
776875119 180167 776870572 184714
776852887 8349 776848623 12613
776875897 201414 776875129 202182
776805562 37383 776860433 92254
776832769 64591 776850313 82135
776843700 75513 776883718 115531
618048486 261097 647600796 261098
776880365 174930 776877349 177946
776817137 48954 776882499 114316
776885745 169542 776874204 181083
776833639 65435 776869640 101436
776825735 57549 776872977 104791
776845734 15499 776844771 16462
776885642 169647 776881873 173416
776812887 44705 776823524 55342
776889231 166059 776878656 176634
385605026 195067 4341124 195068
776845086 76888 776846304 78106
776877309 109092 776884919 116702
776859812 232505 776856642 235675
776854694 86502 776867417 99225
776834231 66018 776848381 80168
776859137 263006 776859537 263406
916782312 267102 446223627 267103
776815751 47558 776819294 51101
776847120 78919 776883994 115793
776869151 208161 776867343 209969
776856231 5006 776843303 17934
385635834 195066 125255393 195067
776859060 245921 776862834 249695
776873111 204196 776870935 206372
776883797 171491 776881466 173822
776883678 171607 776874794 180491
776853073 84863 776866273 98063
776868898 208408 776854300 223006
978251461 195069 127758889 195070
776852044 9190 776850655 10579
776854193 85997 776869860 101664
776841522 73310 776875555 107343
776821357 53160 776880187 111990
776850471 10764 776849012 12223
776852218 9021 776844178 17061
776876231 201079 776858804 218506
776848992 12246 776838668 22570
776842487 74281 776871392 103186
776859339 246198 776863979 250838
776820867 52683 776848241 80057
776866184 211125 776862689 214620
776827935 59745 776840264 72074
776849504 11728 776838174 23058
776857098 4142 776840611 20629
465179564 195070 477681648 195071
776881628 173665 776875211 180082
776855033 241895 776862074 248936
776836973 68770 776905627 137424
776863023 94824 776869971 101772
776861767 230549 776860344 231972
776873887 105668 776894414 126195
776849054 80863 776879196 111005
776855245 87040 776866782 98577
776836145 67960 776874750 106565
776853589 85373 776883032 114816
776872472 204836 776870800 206508
776862947 229373 776862367 229953
96227292 195073 101493760 195074
776845522 77302 776913585 145365
776827353 59164 776842813 74624
776863205 253122 776860423 255904
776861231 255094 776856741 259584
