544233069 554807788 100
544226124 20968 544209602 37490
544240069 53054 544177470 115653
544219390 73715 544214619 78486
696888365 12 544233057 13
544234106 12989 544232198 14897
685367287 3 544233066 4
806161773 5 544233064 6
544177025 174041 544178645 175661
544247069 46061 544217319 75811
544194486 140656 544193264 141878
544226031 67085 544224504 68612
544219733 73381 544196147 96967
9513430 168076 319780903 168077
721319485 13 544233056 14
544227473 65659 544222735 70397
544175496 172514 544180057 177075
544234059 59058 544223089 70028
544214285 32808 544213463 33630
544238192 8908 544235835 11265
544174705 160431 544173482 161654
544179914 176928 544181972 178986
544173860 161275 544169867 165268
452348057 168075 329052836 168076
544227315 65806 544220426 72695
544207143 85975 544173923 119195
544231971 15117 544230246 16842
544206214 86901 544193787 99328
943517447 6 544233063 7
544236396 56735 544207324 85807
544179887 176900 544185080 182093
544237794 55339 544193574 99559
544182451 188472 544185199 191220
159048908 168078 510961770 168079
544214241 78862 544170319 122784
544176966 173981 544180307 177322
544194693 98432 544183892 109233
544239489 7608 544226630 20467
544221373 71734 544219833 73274
544228680 18410 544219596 27494
544236369 56759 544215375 77753
544227463 65650 544184782 108331
544241030 6071 544239483 7618
822647646 16 544233053 17
544244010 3089 544240123 6976
544215662 77440 544212420 80682
544173238 170255 544175494 172511
544208053 85067 544205054 88066
544185883 107228 544164883 128228
544220318 72788 544217652 75454
544189254 214916 544188318 215852
476163614 210098 611631308 210099
389600988 168077 15721799 168078
544189789 217824 544190454 218489
544187069 148065 544175800 159334
886346384 15 544233054 16
661312704 1 544233068 2
544185288 200313 544192696 207721
544208686 84433 544185753 107366
544208798 84312 544196807 96303
785998286 2 544233067 3
544219509 73613 544218345 74777
544230376 16720 544226530 20566
544182952 188972 544185505 191525
544234823 12268 544222151 24940
544209698 83414 544201333 91779
544215433 77676 544205335 87774
544185437 191456 544185820 191839
227201206 210096 172930151 210097
544189782 212387 544189415 212754
544186775 148363 544179813 155325
544246069 47060 544221978 71151
442980688 210097 320297087 210098
617524576 9 544233060 10
544190184 144957 544185668 149473
544180523 154616 544178971 156168
202031433 168080 424617470 168081
544186130 201156 544192038 207064
544218588 74520 544214768 78340
596633703 14 544233055 15
544238148 8946 544236785 10309
544195895 97209 544169800 123304
894465177 4 544233065 5
544187481 202505 544192748 207772
544190069 145068 544175308 159829
544216490 76636 544205003 88123
977344452 8 544233061 9
544190794 144349 544190407 144736
544186978 197000 544187776 197798
667226496 7 544233062 8
544230544 62580 544210885 82239
651399323 10 544233059 11
72661485 168079 907340890 168080
544190886 205909 544194428 209451
544233600 13489 544233025 14064
544189192 145948 544179329 155811
544238811 54316 544238761 54366
604582495 216102 621035681 216103
837815682 11 544233058 12
940401425 17 544233052 18
544239127 7971 544238926 8172
