273329704 373809740 100
306129284 90040 97669512 90041
373803771 24062 373827678 47969
36149145 90077 765986106 90078
373814853 35116 373865432 85695
689491005 90034 421114457 90035
373798597 18882 373842525 62810
999488919 90062 393013147 90063
373813465 33751 373829366 49652
373834174 136670 373833365 137479
547783124 90060 860642383 90061
389499967 90067 247069812 90068
314244079 90049 481947038 90050
373824398 44671 373830243 50516
881399467 90054 202094199 90055
373795777 16054 373837510 57787
195430743 90065 134840212 90066
373793040 13324 373806472 26756
731261535 90050 478381733 90051
303633623 90045 424277953 90046
373799594 19872 373810951 31229
373835120 115476 373842030 122386
937967143 90035 87538026 90036
568061861 90048 233711319 90049
373807088 27364 373829586 49862
405128368 90068 430471598 90069
373835410 115768 373836248 116606
149438672 1 373809741 2
373834642 109997 373834771 110126
373810998 31280 373836983 57265
370129360 90064 823340631 90065
373836807 102027 373835996 102838
760101747 90075 233296294 90076
332007968 90080 732039212 90081
820982399 90036 703145752 90037
373807533 27801 373863684 83952
668232635 90057 263195938 90058
373839086 93744 373837056 95774
451715501 90076 457553661 90077
936401533 90056 844278429 90057
80297579 90046 908538545 90047
960359104 90053 478609164 90054
373784306 4596 373805967 26257
423509981 90042 23955276 90043
373834255 130585 373833989 130851
373784631 4920 373824602 44891
800901697 90084 978558294 90085
373800740 21012 373826883 47155
373812628 32911 373814222 34505
844981160 90073 867666944 90074
373835435 103397 373834740 104092
373790488 10776 373826882 47170
373791740 12021 373821165 41446
479944869 90082 361552056 90083
373827564 47830 373861223 81489
270235760 90086 260576671 90087
890645085 90081 895941400 90082
373815897 36164 373857977 78244
790817611 90072 600584404 90073
373834198 139563 373834735 140100
390239058 90085 701985698 90086
373812198 32469 373860724 80995
736810042 90051 171290156 90052
475984080 90033 445878424 90034
373823005 43280 373842050 62325
373838253 94576 373836262 96567
646348900 90059 77476073 90060
752272478 90071 920366348 90072
373807740 28005 373813022 33287
373808770 29049 373847535 67814
992900758 90083 336668112 90084
593094206 90074 681883684 90075
585669065 90061 78987559 90062
373837740 101093 373835035 103798
373789718 10005 373824241 44528
674291155 90066 522687412 90067
461086527 90069 181412851 90070
860648024 90037 807647556 90038
373829623 49893 373837617 57887
373818173 38453 373840431 60711
373834984 133859 373833869 134974
373837179 127662 373836324 128517
730055140 90041 597507334 90042
635683166 90038 211408798 90039
373808740 29004 373827981 48245
132271694 90039 525203254 90040
373832988 113347 373835868 116227
701012942 90063 440475039 90064
704258463 90079 213940253 90080
141858045 90043 587681423 90044
388084961 90055 299814117 90056
291626903 90087 385342855 90088
373818251 38520 373850659 70928
842892934 90044 58096066 90045
218322595 90070 979146025 90071
820734796 90047 259653264 90048
373840058 124784 373839591 125251
373786682 6974 373791799 12091
373841740 91091 373837470 95361
373835718 116075 373838088 118445
373817815 38089 373826687 46961
