599780277 800517677 1000
961103122 182 897115800 183
800729677 781730 800775038 827091
800580711 364628 800701553 485470
918417415 1254961 447445704 1254962
390021860 852813 964843951 852814
164463614 58 800517735 59
150772548 27 800517704 28
800809179 894368 800796423 907124
844282252 852771 292514207 852772
800601243 385079 800664611 448447
671709429 223 584755519 224
800675120 1194504 800673902 1195722
800374677 158611 800553574 337508
800786568 916952 800784426 919094
800465891 249908 800733818 517835
800392803 176760 800538886 322843
558638355 143 372717187 144
835515133 353 787923967 354
674257688 1275998 299786996 1275999
800294677 78691 800420702 204716
444110222 444 856015911 445
800312677 96673 800335394 119390
800550294 334177 800581559 365442
800403237 187214 800509736 293713
800522378 306236 800629447 413305
955358806 225 32187763 226
261842641 461 15216621 462
216074122 1254965 780701490 1254966
800758046 945472 800684646 1018872
102757036 465 711827597 466
800693825 1116773 800660194 1150404
377097021 414 97006128 415
800469633 253570 800552365 336302
800801677 901849 800798817 904709
800773282 930247 800758337 945192
184213960 852773 829048091 852774
564656113 455 857314829 456
489040620 87 800517764 88
546276049 852775 340243694 852776
199729859 56 800517733 57
800448703 232668 800776158 560123
578401417 1254964 718772081 1254965
406306232 46 800517723 47
800608648 392569 800754302 538223
426653459 26 800517703 27
800544291 328211 800638973 422893
498399060 69 800517746 70
800761249 942284 800686631 1016902
800676786 460603 800894427 678244
800355029 139065 800403350 187386
923411413 268 715688638 269
286952506 417 343951343 418
467182903 1254980 877553217 1254981
800671244 455105 800715140 499001
800386576 170588 800635302 419314
652943710 277 685883892 278
238101652 162 33695287 163
272635016 112 561244258 113
274400501 16 800517693 17
813059068 261 78510224 262
800705038 488854 800759013 542829
696859072 255 762450841 256
556730675 102 543663107 103
800748047 800092 800765596 817641
74888753 425 229795356 426
800721174 773244 800727198 779268
199689432 220 512687152 221
396712653 227 326261007 228
800355611 139631 800369266 153286
50732362 199 557173897 200
475497996 350 717087238 351
800486801 270639 800549772 333610
199793382 55 800517732 56
831330481 398 70178244 399
800698658 482465 800757948 541755
495743645 852785 873965401 852786
693223887 345 466558964 346
60244914 91 299342494 92
97517927 347 96209042 348
800374517 158545 800494436 278464
954858165 150 853452409 151
876370673 407 274263196 408
800661255 1149332 800650608 1159979
800667211 451024 800789869 573682
422045320 354 318688942 355
660276981 242 942341138 243
800495626 279527 800500275 284176
800738559 790625 800743446 795512
335612253 123 204267231 124
800718059 1092533 800695367 1115225
800748504 954996 800645317 1058183
808389119 459 946945765 460
800492090 42056 800489385 44761
467567813 63 800517740 64
800743165 795216 800762115 814166
800552535 336364 800874563 658392
396209225 413 259456958 414
338970185 84 800517761 85
800763663 939887 800682552 1020998
800645340 1224266 800626449 1243157
19268537 852799 767424437 852800
985340951 164 609711239 165
800781682 921826 800707726 995782
847371103 179 523282331 180
800670648 1198968 800648865 1220751
455136727 852787 874660004 852788
800703963 1106616 800664482 1146097
800694453 1116128 800676921 1133660
800692712 1117857 800676540 1134029
81210746 460 310280915 461
800679762 1189859 800673584 1196037
800385427 169431 800580130 364134
853085829 195 653182740 196
88371407 241 844871622 242
800541805 325751 800793338 577284
800461089 245087 800513355 297353
178705776 194 645050748 195
18319665 388 38258941 389
800432452 216396 800657647 441591
800742231 794294 800778225 830288
484948442 79 800517756 80
285078723 377 270423850 378
368437604 332 8989299 333
800795220 908315 800761201 942334
800811684 891875 800740939 962620
913437624 210 652414068 211
969547991 270 95609282 271
156720003 64 800517741 65
442985468 23 800517700 24
879982359 434 559088250 435
980038462 212 311697232 213
800682868 1127705 800677972 1132601
800344520 128500 800672281 456261
818063206 301 97724882 302
598758388 1254972 455344573 1254973
141923575 852810 766207114 852811
575456995 106 338012224 107
193799582 1254952 218464259 1254953
800675591 459456 800704175 488040
650886059 852808 591926984 852809
800792107 911432 800782702 920837
114695465 161 450260763 162
158302046 132 583003372 133
569925818 81 800517758 82
800794391 909131 800791170 912352
327399431 321 960876486 322
757379428 177 603419998 178
745453569 344 337573705 345
800389539 173530 800488184 272175
800790827 912700 800735172 968355
38294429 231 689335780 232
789575121 1254985 919421569 1254986
800667023 1143560 800645211 1165372
800736173 788242 800770672 822741
800511498 295392 800526380 310274
194496516 104 3775018 105
800698001 1112569 800688791 1121779
561099026 288 21613570 289
800346677 130639 800544231 328193
800496992 280948 800633612 417568
800742904 960601 800678327 1025178
800418436 202443 800489426 273433
800425929 209855 800708469 492395
657465421 206 760505427 207
800640151 423960 800659846 443655
177560180 101 737507353 102
800675277 459103 800927439 711265
800642391 1287292 800642060 1287623
800388655 172668 800532915 316928
800273677 57712 800472635 256670
800615135 398943 800682438 466246
800803677 899851 800689424 1014104
800502063 286069 800640033 424039
56952608 324 207304659 325
53724782 281 89182595 282
641996352 1254957 717805957 1254958
800421405 205357 800436814 220766
85702685 171 710809630 172
942284582 196 601363943 197
131642691 852764 190238497 852765
800383178 167221 800418635 202678
800663081 1206522 800634572 1235031
410771257 312 311838499 313
800493882 277716 800606659 390493
800431785 215767 800563953 347935
358616145 852788 292848016 852789
677019254 274 868816691 275
800800895 902647 800685563 1017979
204084757 462 373234783 463
533621016 1254953 179467126 1254954
265562463 318 422609553 319
800463519 247460 800532118 316059
800557381 341288 800863637 647544
800397194 181228 800589875 373909
800722767 774840 800727742 779815
196849373 346 914689234 347
800734677 786725 800784451 836499
800727382 976162 800722886 980658
183946930 128 742282602 129
800379677 163606 800791885 575814
800588130 372070 800696647 480587
172202133 1288007 657659857 1288008
800296771 80793 800313059 97081
800413091 197074 800442690 226673
800643824 427687 800792482 576345
163487374 393 807699106 394
800640607 1260922 800644662 1264977
800672635 1196984 800641298 1228321
8777391 453 29854281 454
491159629 852797 467484625 852798
366001302 228 434278841 229
800569713 353644 800671600 455531
800559272 343146 800659889 443763
800399585 183578 800709067 493060
42844209 7 800517684 8
800684156 1185469 800664758 1204867
800556371 340324 800563690 347643
800836677 866884 800748910 954651
173531875 376 323157616 377
541088546 852811 630177023 852812
646270418 1254951 592042093 1254952
152643835 127 106544299 128
800833660 869900 800801683 901877
8332260 428 743361048 429
273166800 357 773149478 358
113139008 852760 597353990 852761
119495333 37 800517714 38
800389934 173906 800673791 457763
800432512 216428 800792269 576185
800384029 168061 800534655 318687
494407759 203 38485988 204
800660439 444249 800790021 573831
715837979 359 253633312 360
617131541 337 963058118 338
800503800 30345 800491522 42623
823336939 419 834492885 420
800519201 14947 800510780 23368
375257673 308 143917794 309
979202516 400 825184472 401
565139104 45 800517722 46
800481881 265778 800766454 550351
800525730 8424 800522534 11620
977136682 852792 200462279 852793
456519859 378 131214788 379
946230084 401 922832935 402
342025939 852793 838182618 852794
815669993 216 231052699 217
800486677 270499 800562852 346674
800437910 221861 800817007 600958
720299149 852798 599663448 852799
800422318 206327 800740164 524173
393534232 131 984095455 132
800279677 63706 800381292 165321
800670347 1199262 800666095 1203514
800322438 106454 800345768 129784
478442757 38 800517715 39
800664346 448181 800808230 592065
800669430 1200184 800663679 1205935
800744800 796859 800773062 825121
575043048 330 760055410 331
729604481 458 942390726 459
800644102 427993 800657640 441531
561475203 259 336624088 260
800480208 264156 800653864 437812
800374596 158572 800417914 201890
750898311 852758 932078207 852759
835537935 283 387078996 284
800710677 762749 800757724 809796
225969285 852779 121063509 852780
179598844 71 800517748 72
720381874 200 736892104 201
255923817 852812 812924954 852813
800495051 279039 800587305 371293
447196897 83 800517760 84
532319896 266 640353109 267
800651937 1217673 800637618 1231992
148396497 342 308925952 343
96930869 852769 880711241 852770
800482253 266216 800742192 526155
870981867 395 385260582 396
407217866 110 889357985 111
503663430 389 587704106 390
518104234 48 800517725 49
800712101 1098492 800700878 1109715
800522332 11818 800518832 15318
800642561 426421 800687329 471189
320436206 279 109694325 280
740216853 446 795890460 447
825891765 433 876761554 434
823889957 262 803511872 263
689715510 147 495733856 148
800528090 311959 800883119 666988
60001276 172 668642675 173
583559636 156 731592798 157
164143738 35 800517712 36
134535487 1254976 324845160 1254977
576990313 852790 752227126 852791
800420677 204565 800825324 609212
118383524 292 523727548 293
909116565 125 117473192 126
800754199 806257 800781290 833348
800717007 1093588 800678229 1132366
800453509 237411 800728694 512596
800478501 262488 800491897 275884
800524677 9475 800521511 12641
971962876 265 386378473 266
849679302 284 797816444 285
436264226 99 470905254 100
800741664 793720 800777901 829957
800646697 1222907 800631252 1238352
909855789 93 53263931 94
881556980 258 141773898 259
800454063 238042 800638293 422272
234727016 297 689638286 298
800771356 932158 800653568 1049946
800523486 10665 800501452 32699
800686722 470542 800856759 640579
800738785 790842 800749215 801272
845197860 390 762124058 391
800613788 397616 800949742 733570
945588178 340 885621062 341
324941891 852776 190683003 852777
800316781 100812 800540451 324482
800333183 117223 800700364 484404
185142158 205 644101117 206
58232476 165 591123346 166
5052618 852777 411487989 852778
800454356 238280 800733363 517287
800783070 920478 800712935 990613
738011521 403 134911953 404
800412419 196421 800599822 383824
800792792 910770 800742803 960759
800270677 54715 800595066 379104
614044650 362 810467296 363
800342763 126757 800533931 317925
384034390 111 466142263 112
800342340 126340 800488227 272227
624503839 454 369226577 455
58898681 113 611324152 114
800748788 800842 800756320 808374
800428676 212581 800556026 339931
501413071 852814 852738580 852815
397840861 326 675837997 327
9837188 13 800517690 14
175247212 852780 509827684 852781
804065390 442 50615374 443
800778129 925382 800735451 968060
800648677 1277003 800647105 1278575
211227852 852763 955518881 852764
800550709 334542 800850438 634271
800760173 812219 800782142 834188
318039423 267 410427068 268
150263392 285 721488661 286
800799820 903723 800730928 972615
800676762 1133812 800650014 1160560
386199719 197 393769263 198
800586046 369952 800814347 598253
462623299 5 800517682 6
800357739 141740 800770153 554154
370781990 1254970 604371039 1254971
793428264 1254963 23832551 1254964
800485055 268899 800622959 406803
800613044 396886 800758168 542010
800424677 208561 800485756 269640
800642786 1263097 800647836 1268147
800707114 1103475 800669426 1141163
800276593 60632 800721921 505960
800694620 1115976 800661545 1149051
945538026 170 29932935 171
111078424 215 715474997 216
254838109 852784 716507999 852785
436753344 341 894113255 342
56978798 152 746385464 153
410959289 427 801241412 428
701330138 383 582493691 384
430680228 329 898512269 330
800616042 399922 800695432 479312
800367387 151329 800544654 328596
826550212 251 77213387 252
967130535 264 255837530 265
800416913 200938 800555485 339510
499731344 310 313483587 311
270870958 30 800517707 31
800746219 798269 800760223 812273
236843440 31 800517708 32
397438873 1254966 843066057 1254967
800508605 292624 800529419 313438
133681966 358 46660936 359
777516832 107 639583194 108
222093215 249 3458754 250
800828677 874876 800711779 991774
800832603 870961 800763507 940057
630811233 304 52210305 305
800782952 920600 800750126 953426
60872307 32 800517709 33
354409031 302 489786554 303
389551099 82 800517759 83
614820835 229 411578185 230
979357235 296 299706115 297
800569200 353015 800893464 677279
294372171 176 329566986 177
140194152 21 800517698 22
434532678 221 301019894 222
528166927 61 800517738 62
160195628 282 275039011 283
800722777 980720 800669305 1034192
659563592 208 386048098 209
800547189 331139 800695930 479880
800802604 900936 800768537 935003
866896178 272 401058646 273
569065688 103 33548680 104
242443504 303 386706607 304
811779839 1254975 376590666 1254976
49727612 423 540169153 424
800804549 899014 800755816 947747
496112652 323 307342563 324
794036922 380 143077251 381
717947957 240 12313132 241
800517328 16829 800511280 22877
226203218 852755 121694670 852756
868538826 246 76453055 247
800543975 327798 800924210 708033
312303949 14 800517691 15
800370677 154615 800513381 297319
800316677 100669 800524518 308510
800704017 1106558 800697370 1113205
353421088 217 784768413 218
647700316 130 19624645 131
800412237 196186 800738278 522227
800648188 432081 800659024 442917
500758133 852794 345946626 852795
800469677 253516 800747243 531082
865131366 852759 812683692 852760
800790551 913007 800746614 956944
331980135 333 629784109 334
575542036 66 800517743 67
558443788 338 850603261 339
20247507 299 263933455 300
444458173 339 688992574 340
38857924 8 800517685 9
800554614 338457 800557204 341047
522289470 222 2342472 223
972399529 154 702447105 155
866072723 1254956 122005542 1254957
800561806 345696 800578079 361969
927201016 269 375914540 270
717542105 163 189295933 164
800811677 891859 800787672 915864
800641603 425507 800645836 429740
38563622 260 423993880 261
800608357 392236 800615861 399740
769464980 852765 7046778 852766
422316356 456 450963189 457
576431293 235 289267644 236
916090751 445 234288219 446
4067922 387 948739303 388
633400117 180 157766178 181
402762775 1254984 329023809 1254985
306322875 394 777183196 395
800615151 399047 800699757 483653
483723527 6 800517683 7
931766214 117 908990507 118
871712189 273 539123059 274
800591288 375206 800856467 640385
344219261 375 220027775 376
400208520 51 800517728 52
407382568 404 274081775 405
497593449 852761 56662822 852762
800655877 1213741 800641564 1228054
972403891 138 444387451 139
800422114 206084 800748488 532458
62435984 59 800517736 60
942229654 316 259471842 317
800680802 1188825 800679418 1190209
41221699 65 800517742 66
221748237 852800 585245096 852801
275212665 191 914748794 192
70396852 15 800517692 16
800486725 270557 800875685 659517
169292490 74 800517751 75
242677239 77 800517754 78
929276103 108 986351734 109
800560482 344355 800735336 519209
800703872 1106710 800695929 1114653
800515336 299305 800810317 594286
234020632 34 800517711 35
914522429 424 289237986 425
267062144 67 800517744 68
905916162 356 566037256 357
29335141 263 576828081 264
800838200 865365 800810660 892905
650696230 219 714031775 220
800515637 299478 800681026 464867
800557537 341436 800767055 550954
800540662 324547 800766635 550520
278834914 193 701144184 194
926871033 253 455311828 254
800473835 257727 800786017 569909
800641195 1261508 800647284 1267597
460917621 1275997 107150522 1275998
291422151 343 816442449 344
565881693 852768 495275794 852769
584081767 276 61198077 277
211301020 126 866806545 127
642519283 1254981 919049354 1254982
33342802 336 570961905 337
125830180 33 800517710 34
467462621 391 65662617 392
800406846 190755 800577345 361254
800681001 1188622 800648736 1220887
131886106 1254954 907205254 1254955
742859175 317 147925085 318
296743901 68 800517745 69
800532314 1846 800530449 3711
196628259 412 921500900 413
169687205 238 915435562 239
800765500 817544 800797484 849528
159402479 415 630769620 416
420366661 96 694340280 97
271598256 1275996 851811667 1275997
508499626 213 948469764 214
443148682 201 615836567 202
581827831 852783 160480899 852784
43555254 360 907269780 361
10586072 76 800517753 77
12567928 239 958912620 240
171396658 366 411812716 367
254874388 178 774547389 179
800784347 919170 800663622 1039895
711218077 275 882771183 276
572863920 50 800517727 51
508784045 245 246063283 246
355450081 9 800517686 10
49157470 248 671496004 249
800727712 1082887 800673879 1136720
800671930 1138661 800660277 1150314
800621956 405783 800797957 581784
800722969 775036 800769527 821594
949770462 325 469513358 326
216401530 852805 540578669 852806
821051026 148 243027414 149
506478074 1254986 186402076 1254987
176982479 1254969 637990345 1254970
800522538 11621 800511283 22876
800774871 928667 800678483 1025055
800287677 71698 800308678 92699
800535895 319834 800717296 501235
800645410 1272727 800645854 1273171
800793020 910503 800663703 1039820
622748105 371 502775956 372
800332410 116395 800443856 227841
460254335 168 281677532 169
942689003 286 841600604 287
800832677 870880 800745685 957872
800416188 200115 800451413 235340
800801608 901941 800749904 953645
800725378 777438 800775036 827096
119046827 435 664662957 436
921683634 1254968 738416351 1254969
597041276 78 800517755 79
800528540 5616 800499546 34610
800638792 1259106 800641220 1261534
139198820 294 264803731 295
944740036 448 42017071 449
420524915 406 25999808 407
773304718 463 33526146 464
800574201 358060 800580930 364789
897996541 114 95601402 115
192167439 88 800517765 89
800461677 245524 800589854 373701
256671543 421 888393912 422
800591979 375893 800617259 401173
800717790 985729 800689767 1013752
437647558 29 800517706 30
767086279 98 975466765 99
800434881 218816 800620607 404542
412742449 385 125896916 386
800719353 771417 800745978 798042
365824323 438 385596321 439
800501125 284996 800664834 448705
800468677 252517 800577591 361431
677842920 436 295383968 437
800743190 795258 800765431 817499
800560065 343889 800819692 603516
50521160 188 886773092 189
800670571 1199042 800625950 1243663
800511709 22444 800504954 29199
800379394 163389 800653431 437426
560557865 85 800517762 86
958655064 307 45024224 308
115449695 319 580572020 320
891153482 160 518229996 161
434049489 24 800517701 25
800483652 267577 800817413 601338
800463173 247023 800507711 291561
998896962 418 682636767 419
800703242 1000290 800685941 1017591
848609151 133 436346657 134
800674374 1136206 800672838 1137742
800596516 380365 800758577 542426
435499107 313 817316940 314
800648119 1221492 800646586 1223025
398094555 89 800517766 90
661243635 209 160943944 210
800693941 1116644 800692610 1117975
800421677 205564 800807402 591289
800503614 287589 800750700 534675
851403676 409 977803474 410
984139277 120 800343991 121
826531146 140 719159849 141
440572654 187 455463732 188
800441042 224974 800499503 283435
928601513 426 830942289 427
214079934 25 800517702 26
573835861 1254977 237897160 1254978
410338595 189 454863047 190
784231935 183 193436182 184
119508709 226 940971693 227
677636387 135 640123754 136
946241828 124 547248464 125
800400677 184585 800477027 260935
886973309 97 809822599 98
615421530 430 776279087 431
64210832 250 354374957 251
438556795 1254962 900249441 1254963
22868317 373 454370894 374
151712720 158 752448091 159
800390693 174626 800545906 329839
28110526 43 800517720 44
800725288 1085313 800720952 1089649
419370010 1254960 126500990 1254961
841356428 141 664158787 142
800598741 382560 800740471 524290
367356563 211 874184973 212
800656131 1213495 800645117 1224509
834314717 169 118507763 170
800694048 1009476 800674319 1029205
800367195 151138 800773887 557830
800704046 999456 800681332 1022170
439737975 151 940162784 152
935208504 175 889513961 176
673903927 374 924681690 375
725235844 443 180658350 444
800790069 913447 800780465 923051
800744380 959165 800720572 982973
280885252 289 720393024 290
467045253 36 800517713 37
593626059 852770 313842200 852771
800285629 69670 800709153 493194
390672673 441 214297631 442
519566237 100 324733149 101
800733807 785878 800765984 818055
449509268 1285004 462759815 1285005
800719227 984328 800709829 993726
800712449 496270 800758083 541904
548415426 86 800517763 87
812596072 159 441342471 160
845449525 230 471256176 231
10323476 440 138792204 441
477496742 852786 837709899 852787
800695755 1007766 800680525 1022996
511367674 20 800517697 21
370864292 852791 309177001 852792
201476937 155 759483149 156
371759771 119 538081710 120
43286052 22 800517699 23
39090379 420 544364100 421
800613884 397814 800835436 619366
800728412 780467 800783188 835243
943610348 852781 666259028 852782
800436869 220781 800853915 637827
800442630 226657 800632948 416975
800787677 915835 800680737 1022775
919724508 852815 511654078 852816
800695666 1114905 800686060 1124511
800677928 1132648 800663707 1146869
863585839 363 282327282 364
800588588 372477 800730525 514414
114478550 136 377083579 137
800505182 289192 800757353 541363
800461801 245755 800791275 575229
518723213 452 862109462 453
105265597 118 128359374 119
226299404 327 505652169 328
800295568 79594 800337903 121929
800546124 329981 800914410 698267
703899085 214 72223566 215
800651251 1218364 800643874 1225741
800446677 230539 800640725 424587
945868946 232 275942614 233
800577665 361519 800822018 605872
932677118 1254982 737415985 1254983
676971088 145 723664683 146
800484293 268170 800502830 286707
922431908 94 104700998 95
800724116 1086486 800717070 1093532
800591074 374972 800759083 542981
966207288 234 267087029 235
398498492 464 293196956 465
519438047 134 763457408 135
633235571 142 940409637 143
291489478 396 266041368 397
253982198 384 692283009 385
674725034 432 891707606 433
800437715 221745 800519117 303147
800648404 1055103 800642734 1060773
881375310 447 584271893 448
502554116 429 698497967 430
444639583 181 262360236 182
800706612 1103978 800696804 1113786
800433677 217552 800589245 373120
800361430 145414 800744343 528327
711243832 287 751531806 288
925502999 361 336266019 362
800369124 153098 800391890 175864
25315172 41 800517718 42
37368178 1 800517678 2
800738406 965124 800662460 1041070
800708677 760751 800729179 781253
408108281 439 852300056 440
171059597 379 213921339 380
30274091 364 246426382 365
800778677 924826 800763029 940474
910579941 257 524912065 258
800520328 13821 800495279 38870
800438928 222810 800743966 527848
508999822 397 276485992 398
246907048 402 343357469 403
800529546 313505 800819648 603607
162693685 410 500892068 411
800497128 281043 800752825 536740
800780713 922821 800767592 935942
674076889 190 256236059 191
800642687 1282991 800642496 1283182
937962924 278 269152855 279
800815598 887958 800814423 889133
800674335 1029169 800668459 1035045
194149309 852754 314542960 852755
857513646 311 808443183 312
662446576 349 274975628 350
46479357 431 688689790 432
800527400 311399 800620180 404179
125359765 1254958 107002520 1254959
416470252 322 107012303 323
800663599 1206009 800659678 1209930
800597396 381207 800927867 711678
695734404 399 708999001 400
846223656 852782 474783884 852783
800820196 883355 800788417 915134
10091505 186 631133987 187
372662833 62 800517739 63
816742482 256 497296948 257
601146669 202 188118805 203
442848158 80 800517757 81
800746939 956570 800667776 1035733
800766866 936630 800754821 948675
220684594 129 433250078 130
590947849 852795 80782125 852796
871556788 153 942268242 154
31702638 19 800517696 20
214976701 12 800517689 13
800386201 170148 800638687 422634
126086982 254 518139628 255
800320130 104127 800711715 495712
3694178 109 63496321 110
800721407 1089187 800668394 1142200
800606641 390487 800822431 606277
800707701 995809 800664472 1039038
800671624 1138954 800641340 1169238
402299228 4 800517681 5
415908006 218 748619079 219
545614658 411 395385193 412
800519542 303523 800540271 324252
800804643 898888 800672896 1030635
800519143 303098 800788500 572455
628517333 320 571266999 321
800395620 179598 800439362 223340
800571554 355384 800944444 728274
718317625 852807 531762900 852808
800526444 310417 800527165 311138
800695169 1115403 800641165 1169407
800669392 1034123 800654729 1048786
997754709 331 875212005 332
800700775 1109811 800682032 1128554
765527740 105 639089463 106
800367071 151029 800590840 374798
718774738 351 638250432 352
450346988 122 741278844 123
29059350 1254974 292194990 1254975
739420251 852766 265000116 852767
235375032 368 575506100 369
622216996 314 854504547 315
258993236 352 654750570 353
800588214 372069 800599717 383572
800422677 206563 800622823 406709
994735936 237 563541762 238
824091353 852767 133269055 852768
800738045 790097 800778123 830175
131629266 306 396617672 307
800337945 121968 800688980 473003
800427677 211558 800507060 290941
665222996 252 733052665 253
800456677 240529 800784317 568169
883094342 372 602872660 373
461838065 295 125680812 296
800372585 156571 800772283 556269
800347677 131638 800668313 452274
77219855 49 800517726 50
800471677 255514 800540861 324698
729093040 852806 645653685 852807
800755036 948465 800738815 964686
476829305 852762 889152068 852763
800581236 365102 800821416 605282
163425388 243 72824352 244
936505483 300 943473217 301
432843320 149 467925230 150
800450699 234621 800700989 484911
339114627 173 374011972 174
800843677 859891 800742447 961121
702349636 365 831432215 366
728341221 369 768665955 370
409604939 54 800517731 55
800743082 960443 800728538 974987
363990420 298 627729578 299
800745129 797194 800769590 821655
11690457 185 710884522 186
800574344 358263 800842857 626776
508390461 139 384294912 140
800495255 279100 800807544 591389
800701020 1109557 800668352 1142225
622850925 852796 686444783 852797
362714259 73 800517750 74
800745158 797207 800764796 816845
800660864 1208741 800648956 1220649
444096772 1254978 418305167 1254979
800593646 377471 800667522 451347
800266677 50719 800523552 307594
800829930 873637 800820969 882598
800348349 132382 800651623 435656
800728726 1081874 800669599 1141001
800369156 153167 800705804 489815
173622378 92 637955648 93
256537019 1254979 701194257 1254980
800674084 1029453 800672643 1030894
800515330 18817 800505145 29002
847174030 174 45925620 175
994396762 355 38795617 356
584772934 39 800517716 40
989387381 144 617809355 145
800488724 272577 800656788 440641
800527444 311462 800619343 403361
140095567 381 479895170 382
3027921 422 180754746 423
521240938 17 800517694 18
592852744 244 333442223 245
92017012 852802 186010228 852803
137362422 852772 409991879 852773
858901635 335 875379265 336
800293677 77692 800543945 327960
800411469 195477 800505405 289413
287012662 309 303931639 310
41820074 60 800517737 61
800522496 11659 800502926 31229
800711471 1099113 800708714 1101870
800629158 412972 800882279 666093
602318607 184 6185536 185
800604101 387919 800865625 649443
906251240 204 101118129 205
800751784 951729 800746018 957495
623535351 408 109754752 409
800770543 855684 800770718 855859
792867520 852804 216042510 852805
800477463 261330 800589277 373144
123617660 53 800517730 54
800485248 269272 800734545 518569
800530321 314133 800801942 585754
800723097 1087500 800687003 1123594
887755994 386 60200000 387
387328529 75 800517752 76
725188566 1254983 492993352 1254984
800490959 274854 800740094 523989
800495209 279132 800530546 314469
800769915 855055 800771460 856600
657303998 450 340011827 451
800535116 319105 800693056 477045
137771769 157 529892206 158
800342677 126643 800669716 453682
736387775 852801 638456518 852802
800685464 1125124 800667149 1143439
800760562 812609 800768300 820347
537604739 52 800517729 53
800661799 445650 800791224 575075
800677069 1192548 800664130 1205487
800658522 1211100 800656657 1212965
90859019 11 800517688 12
849331998 137 354408235 138
844906158 290 631539183 291
283757252 224 908930088 225
800839487 864079 800825705 877861
800518047 302014 800734996 518963
800672827 1196785 800664671 1204941
807210455 207 228465258 208
382696524 121 778940854 122
263640460 416 321493949 417
459720049 72 800517749 73
800634423 418299 800843516 627392
148456087 382 144816623 383
800559505 343377 800629553 413425
872789208 852752 174142952 852753
896961627 271 826658951 272
800477677 261508 800634253 418084
448724121 852778 855245637 852779
816363156 167 10996510 168
923388824 348 252435304 349
800379878 163883 800500201 284206
446651212 437 880172619 438
800593856 377720 800824696 608560
800772024 931482 800764876 938630
800525912 309823 800586417 370328
647982097 852756 295592592 852757
800620984 404854 800669151 453021
558094385 95 863599783 96
961057403 1254959 898991047 1254960
800396485 180413 800504012 287940
712985289 115 486098322 116
340668682 1275999 989179660 1276000
45665038 1254955 271038074 1254956
800491769 275637 800895485 679353
218962229 116 469188651 117
800643054 1263366 800648602 1268914
170594001 28 800517705 29
61047985 2 800517679 3
337857848 192 900303781 193
800420197 204100 800493588 277491
853280291 852774 758549699 852775
800810580 892961 800733187 970354
800404831 188802 800614856 398827
871335197 457 23011035 458
391595853 10 800517687 11
322789352 42 800517719 43
562921904 247 944590480 248
632588603 198 116612631 199
800748878 954620 800747473 956025
725519847 236 873487631 237
447627423 47 800517724 48
800471836 255804 800607518 391486
915052084 367 344106233 368
479554352 370 484842829 371
800645701 1273017 800647759 1275075
800523582 307460 800629587 413465
108005385 305 750462327 306
800391614 175574 800763696 547656
474075241 293 807182143 294
800365281 149226 800567469 351414
629460112 466 531260828 467
888771027 328 917802858 329
359365046 57 800517734 58
800599264 383174 800839197 623107
800647176 1278503 800645888 1279791
78573769 291 62196909 292
800484711 268624 800525612 309525
759661263 405 998479716 406
892426522 280 234668700 281
724915901 392 268116776 393
565911121 146 466099494 147
320252189 233 890878508 234
800462226 246126 800583132 367032
803866184 1254967 107326263 1254968
800725732 777794 800740109 792171
86557484 852809 704052485 852810
800633177 1236430 800627224 1242383
800740415 963084 800699344 1004155
800767251 936303 800734409 969145
454473819 449 333685670 450
46534193 166 895756853 167
558493112 70 800517747 71
800669100 1200520 800650833 1218787
800516986 17172 800516706 17452
800462511 246475 800541549 325513
800535276 319132 800626597 410453
642950750 852757 153913395 852758
8312277 3 800517680 4
800322143 106146 800651988 435991
865723588 1254971 192454421 1254972
76702880 1275995 395852394 1275996
859413537 852753 328066669 852754
232183526 44 800517721 45
800721677 773738 800742023 794084
800468142 251990 800868437 652285
752116586 852789 101314600 852790
973962891 315 349657501 316
261707805 40 800517717 41
800399367 183404 800566856 350893
380649108 334 753605900 335
800380443 164379 800514452 298388
800809748 893798 800779085 924461
800318677 102667 800418433 202423
463680911 852803 446368930 852804
648860478 451 211070629 452
208160362 18 800517695 19
