29524232 132635577 1000
132467577 522356 132953988 1008767
132565435 620145 133111504 1166214
132899577 1953903 132957819 2012145
132726911 781558 132768057 822704
979893015 1467641 250866603 1467642
132691078 139535 132745101 193558
132850242 904860 133001524 1056142
132569368 17877 132585587 34096
979258874 1467682 425192054 1467683
132749462 804113 133218921 1273572
818386954 1467498 359913329 1467499
133047990 1683474 133032306 1699158
132554675 609458 133022200 1076983
132662648 717303 132998155 1052810
132638357 86821 132685771 134235
132901581 956158 133044061 1098638
132578027 26533 132604794 53300
132904319 1958684 132919326 1973691
132976553 1754857 132959265 1772145
133068619 1513734 133058975 1523378
668211249 1467518 215818272 1467519
789335059 1467541 87268251 1467542
132673110 727848 132708389 763127
466955857 1467689 123934403 1467690
133003205 1728249 132898585 1832869
132513577 568310 133062914 1117647
133018123 1564218 133018115 1564226
133009465 1572922 133004850 1577537
132541577 596282 132691212 745917
133065387 1516963 133065118 1517232
132749921 282781 132733421 299281
366430299 1467497 153835346 1467498
132626004 680680 132739928 794604
882154951 1467619 939201078 1467620
132727094 305586 132720360 312320
132943197 1788211 132910534 1820874
132769325 824159 132973443 1028277
132621148 675816 132758689 813357
133010082 1721369 132916790 1814661
132678577 733145 132708859 763427
588893696 1467729 704645082 1467730
19444076 1467734 959385084 1467735
106702647 1467723 798099943 1467724
162059340 1467544 262321898 1467545
133050759 1680703 133040569 1690893
132601390 49870 132683263 131743
132498577 553325 132544246 598994
132874916 1929285 132889451 1943820
132646310 94792 132736336 184818
133019388 1712047 133011078 1720357
132976806 1754594 132950502 1780898
132645621 700364 133063080 1117823
132936826 991443 133352238 1406855
742007972 1467710 93637126 1467711
132726409 306279 132691781 340907
947909398 1467516 719208845 1467517
132381773 436676 132796300 851203
132796571 851356 133151376 1206161
889382080 1467697 446781278 1467698
132723200 309490 132670512 362178
932060964 1467532 614494274 1467533
132886555 1940917 132916776 1971138
7911944 2 132635575 3
801169202 1467555 899175472 1467556
132723239 778086 133048445 1103292
133048693 1533638 132996288 1586043
132616769 671425 132854640 909296
564629285 1467579 709799079 1467580
132532534 587411 132590904 645781
973852577 1467665 816288054 1467666
132726469 306225 132717471 315223
132924221 1978560 132928587 1982926
435297315 1467633 590265076 1467634
132756687 276020 132749294 283413
132930422 1800992 132890712 1840702
132852214 906930 133214718 1269434
132680121 734868 133140262 1195009
132730230 302478 132712236 320472
682865948 1467690 651765007 1467691
133020453 1710986 133001111 1730328
132624194 72671 132724361 172838
132997333 1734110 132926525 1804918
132684671 133106 132796889 245324
133013082 1569282 132991205 1591159
132621774 676558 133181887 1236671
132876764 1931127 132939963 1994326
211077786 1467667 399306588 1467668
132687381 345301 132680254 352428
13234361 6 132635571 7
219769238 1467672 144477890 1467673
133090441 1491933 132984710 1597664
132634212 688920 132710704 765412
132793134 847770 133318146 1372782
132609883 664727 132952348 1007192
132653151 707916 132949220 1003985
849443210 1467504 107393519 1467505
167800933 1467743 574131349 1467744
948529418 1467688 869901849 1467689
613866183 1467646 615284323 1467647
133063577 1518765 133001237 1581105
198428862 1467546 780325674 1467547
668344556 1467722 80284774 1467723
256651689 1467678 707326532 1467679
991626328 2109980 173303529 2109981
132572736 21235 132713290 161789
17868694 2109982 683384075 2109983
821169481 2109984 583824169 2109985
813702601 1467575 574117909 1467576
132623811 678437 132841232 895858
132814755 869483 133150055 1204783
132628764 683582 132943747 998565
814589297 1467514 344646501 1467515
132653274 708097 132662862 717685
132444577 499379 132580555 635357
697473324 1467746 764061236 1467747
132447832 502691 132648239 703098
132955552 2077000 132954190 2078362
132760557 815319 132827511 882273
132753526 808275 133018410 1073159
132734384 298309 132679122 353571
132938650 2112061 132939213 2112624
817240004 2115995 82431491 2115996
132585325 640026 132768978 823679
132677318 732117 133170062 1224861
132620127 674806 133018540 1073219
132621956 676742 132666557 721343
70106180 1467662 960781978 1467663
355567436 1467595 416048248 1467596
132698890 147337 132730921 179368
132487467 542248 133141600 1196381
132694663 749266 132702553 757156
132617508 65958 132735922 184372
132865887 1920247 132952285 2006645
132956272 2076282 132955080 2077474
133078089 1504290 133072691 1509688
132419281 474159 132863524 918402
132805424 860064 132859590 914230
474188750 1467674 238831292 1467675
132874776 1929134 132932983 1987341
132868870 923543 133111181 1165854
132869657 1861746 132863214 1868189
924097026 1467733 453456221 1467734
133050859 1531492 133041277 1541074
132920297 1811120 132888603 1842814
133017275 1565108 132981785 1600598
132577891 632790 132578315 633214
132781060 835620 133273269 1327829
132554222 609052 132841931 896761
762931912 1467576 290864454 1467577
132634676 689289 133240505 1295118
176919034 1467513 817118092 1467514
823283113 1467673 411756393 1467674
132640590 695469 132838245 893124
665219052 1467561 592813712 1467562
132537537 592305 132549221 603989
65390015 1467499 655969676 1467500
132909605 1821844 132886593 1844856
132752051 806790 133127999 1182738
133019437 1074000 133331816 1386379
503979984 1467691 315509306 1467692
646181559 1467586 979069814 1467587
403553960 1467703 220370543 1467704
304699136 1467584 340100910 1467585
132552649 607404 132603318 658073
446848858 1467612 151561220 1467613
844795477 1467533 885510731 1467534
132554577 609269 132741252 795944
209151250 1467701 338036351 1467702
132714577 253097 132717113 255633
132595178 43686 132619318 67826
132827103 881688 133019715 1074300
132852230 906955 133009358 1064083
299204755 2061951 903645016 2061952
132448577 503375 132800610 855408
132909132 963771 133229608 1284247
486654293 2115989 235673296 2115990
600912807 1467523 400777104 1467524
132716286 254805 132716794 255313
133014161 1717300 132932041 1799420
133031860 1550529 133019771 1562618
132639791 694584 132979149 1033942
132832019 886755 132950142 1004878
132627521 76005 132743885 192369
132788930 843590 132835456 890116
371384240 1467602 342876830 1467603
132556583 611464 132937733 992614
132597823 652495 132624035 678707
132828305 882979 133246297 1300971
132675852 730683 132929097 983928
399874354 1467574 165941021 1467575
133079431 1502928 133078534 1503825
132623577 72020 132708578 157021
133047518 1683948 133019078 1712388
133023979 1558370 132950776 1631573
133068568 1513786 133007712 1574642
132960084 1771336 132939377 1792043
132942349 1996678 132978824 2033153
645157239 1467694 57965325 1467695
133054114 1528221 133052516 1529819
162632169 1467601 102858272 1467602
132943150 2122572 132945934 2125356
781717094 1467562 500999342 1467563
132807792 862569 133116545 1171322
132620142 674799 133175950 1230607
132987951 1042571 133145528 1200148
132600635 655511 132741422 796298
711802071 1467599 637233690 1467600
132676892 125337 132762168 210613
132573848 22342 132662458 110952
579121104 2061956 348148921 2061957
132574738 629633 132682395 737290
132715421 770288 133006455 1061322
132919989 1974336 132938197 1992544
132680671 735319 132883327 937975
683295729 1467577 28734011 1467578
35381156 1467536 606966550 1467537
132611577 666212 132744070 798705
621086786 1467706 489144287 1467707
132724274 779096 132756435 811257
132589307 37809 132689686 138188
132523713 578476 132801824 856587
133001766 1729664 132891911 1839519
84585485 1467708 25204235 1467709
472957851 2115991 947606066 2115992
132814594 869315 132952218 1006939
132689236 744065 133087284 1142113
132705363 760178 132918725 973540
919762010 1467581 5331834 1467582
132728801 783515 133027158 1081872
662344747 1467654 734483679 1467655
659378615 2109981 381301138 2109982
133051684 1530672 133007383 1574973
566192840 1467608 180284092 1467609
132413797 468686 132663019 717908
132662144 370532 132656786 375890
132985610 1596724 132961762 1620572
132633577 82010 132750141 198574
434893057 1467552 885034510 1467553
132934694 1989032 132935071 1989409
132654427 709268 132844415 899256
132482901 537721 132720610 775430
132918556 1972884 132989856 2044184
133022127 1709333 132916885 1814575
461263269 1467598 501798739 1467599
364090012 1467695 627348129 1467696
132679866 734760 132834436 889330
437966262 1467508 321191024 1467509
132742708 289987 132738169 294526
132502212 557063 133052284 1107135
720616936 2061953 513720561 2061954
132943104 2122525 132946231 2125652
132722097 776786 132861591 916280
132562577 11081 132577738 26242
132715085 317618 132711692 321011
485146487 1467553 693277164 1467554
133043904 1538456 132969802 1612558
132664481 719143 133101574 1156236
132457649 512514 132836194 891059
132634663 83117 132649650 98104
132953370 2058741 132954564 2059935
132806449 861107 133024319 1078977
8913998 5 132635572 6
132664480 719167 133073993 1128680
132741804 796497 132774025 828718
132872618 927247 133323244 1377873
132997858 1584479 132994989 1587348
593979616 1467675 758207070 1467676
132433577 488390 133091863 1146676
132947632 2084912 132935620 2096924
133047009 1535335 133046574 1535770
132636423 691118 132690982 745677
132970882 1760564 132942212 1789234
132744833 799532 132879465 934164
132733538 299162 132707357 325343
132576735 631556 133135073 1189894
132756893 811543 133275058 1329708
132721546 776343 133151942 1206739
133000850 1581522 132993779 1588593
132462859 517739 132747184 802064
132596840 45345 132664889 113394
132637895 692709 133091229 1146043
132843903 898469 132981557 1036123
132678482 733055 132723058 777631
132679870 734511 132875246 929887
132597606 46113 132689400 137907
132926041 1805364 132895274 1836131
132444792 499707 132726037 780952
384832618 2061957 10597188 2061958
132456751 511556 132708387 763192
936899004 1467603 90287991 1467604
232140746 1467570 743212676 1467571
451043572 1467604 541647126 1467605
132958672 2073883 132940490 2092065
132596730 651420 132640454 695144
29015851 1467626 509946989 1467627
820370407 1467635 747772757 1467636
133113577 1468815 133067950 1514442
132714157 768964 132973860 1028667
132435577 490388 132847205 902016
886311641 1467573 403848836 1467574
132913845 1968201 132959693 2014049
132740297 795159 132764381 819243
132942020 2121443 132945304 2124727
814855337 1467630 510806698 1467631
132648523 96971 132727417 175865
132841920 896584 133040417 1095081
136259772 1467538 488773373 1467539
133012491 1718946 132993453 1737984
692641988 1467593 706094235 1467594
132626412 681208 132737077 791873
132817160 871744 133370355 1424939
132692698 141132 132762994 211428
132642626 91123 132689220 137717
132636055 690946 132653885 708776
132951338 2081204 132940948 2091594
133053176 1529189 133018917 1563448
771058254 1467649 669683240 1467650
132995146 1736278 132882354 1849070
132634016 82474 132764829 213287
424107082 1467627 491226831 1467628
629383690 1467639 520204616 1467640
132751577 281124 132715240 317461
133084184 1498193 133048571 1533806
132469034 523921 132612864 667751
132625663 680382 133029695 1084414
132992594 1047155 132994327 1048888
525708844 1467661 636985371 1467662
180870402 1467617 831544725 1467618
132959409 2073138 132954809 2077738
132610332 665093 132801016 855777
133036054 1546294 132951306 1631042
132667337 721935 132961998 1016596
132901969 1829460 132901844 1829585
132733930 788532 132906365 960967
132673687 728422 132700087 754822
132751484 806105 132834235 888856
132612028 666884 132714934 769790
132674550 729181 132727453 782084
132644452 92924 132745186 193658
132824336 878894 132880533 935091
858037399 1467732 186115540 1467733
132721597 260112 132722961 261476
932335561 1467611 347601654 1467612
132718413 256930 132718427 256944
604837904 1467535 358331066 1467536
132717145 315560 132697573 335132
132627921 76406 132688295 136780
47571635 1467650 512538786 1467651
132635122 83601 132650026 98505
132794089 848667 133117679 1172257
654584858 1467594 272301419 1467595
133064236 1518109 133030657 1551688
132663209 111695 132731683 180169
132613868 62379 132620881 69392
132675280 730198 132785001 839919
393899804 1467558 408663501 1467559
132814724 869335 133169636 1224247
533534842 1467644 510746326 1467645
132635505 83986 132665635 114116
132743929 288770 132707459 325240
451235660 1467600 853158428 1467601
132470577 525353 132635507 690283
132702747 757563 133038191 1093007
133040072 1691380 133006186 1725266
132754548 278156 132747348 285356
132637058 85527 132698105 146574
132682230 130668 132707490 155928
133057400 1674072 133006947 1724525
132928339 982964 133291150 1345775
132555577 610268 132973920 1028611
132649577 704174 133053413 1108010
493538336 1467702 722071765 1467703
133033878 1697585 132945882 1785581
132620439 68890 132774719 223170
132905966 1960332 132940435 1994801
132906549 1960894 132941022 1995367
827705607 1467537 691516958 1467538
132575406 630311 133013922 1068827
132912888 1967231 132938274 1992617
880867809 1467737 570296643 1467738
132457577 512366 132724261 779050
133086538 1495828 133074945 1507421
891350849 2061962 951186000 2061963
133001169 1730286 132917717 1813738
550016237 1467500 967659931 1467501
132935529 990117 133136196 1190784
132653449 101944 132678327 126822
132970603 1760853 132926918 1804538
132588577 37055 132729627 178105
132429154 484070 132973580 1028496
132631577 686192 133273346 1327961
132796035 850830 132822846 877641
132765460 820234 132947807 1002581
132745345 800085 132923878 978618
672471646 1467748 563640202 1467749
132588956 37468 132717649 166161
132538107 592990 132787802 842685
961685635 1467556 374399151 1467557
132531417 586303 132583259 638145
132668159 722845 133176590 1231276
566159229 1467638 241531241 1467639
133068940 1513428 133008658 1573710
102329781 1467742 492119053 1467743
132920868 1810531 132913203 1818196
132440686 495559 132592765 647638
132825526 880241 133153819 1208534
529508012 2115993 316964923 2115994
665800038 2128003 35746743 2128004
132778233 832863 133052922 1107552
670644162 1467582 684837069 1467583
132463594 518431 132705123 759960
518107513 1467629 182864526 1467630
132623121 71631 132662928 111438
132896330 950962 133103290 1157922
334713509 2061959 819888490 2061960
132700426 754996 133002712 1057282
132703045 757624 132732501 787080
132741557 291134 132706948 325743
132734102 788934 133087668 1142500
132623373 678286 132968714 1023627
132757764 274945 132744071 288638
200713098 1467525 767258698 1467526
132496975 551841 132814495 869361
132883577 1937919 132960243 2014585
132987241 1661153 132986389 1662005
209426856 1467578 855085683 1467579
132914697 1969033 132942628 1996964
132650989 99462 132671442 119915
103998389 1467507 428795779 1467508
132667684 722435 133086515 1141266
344526278 1467597 303455206 1467598
132794384 849137 133062846 1117599
132678581 733492 132960317 1015228
132948384 2002706 132974944 2029266
132731688 301004 132686960 345732
132678815 733588 132695815 750588
133097472 1484912 133036242 1546142
627970460 1467659 45999993 1467660
90272589 1467610 881846279 1467611
132717573 256091 132727002 265520
201294710 2115996 32986898 2115997
132923780 1978121 132944283 1998624
132956871 1774562 132864907 1866526
132460814 515656 132507752 562594
18222406 4 132635573 5
132670662 119128 132734812 183278
132643345 698123 132816066 870844
395309473 2128006 923337755 2128007
133070912 1511451 133058721 1523642
132589650 644520 132897157 952027
132592034 40547 132603064 51577
255176262 1467642 32929591 1467643
161050072 1467726 160250412 1467727
132947763 1783658 132935614 1795807
132731946 786599 132820536 875189
637527471 1467704 947911159 1467705
132350577 405473 132950692 1005588
132505577 560318 132865094 919835
133090577 1491792 132967825 1614544
132666330 114767 132674571 123008
133074277 1508114 133038808 1543583
374548919 1467720 155372198 1467721
265474932 1467587 577640284 1467588
132779709 834386 133245525 1300202
132716030 316654 132669090 363594
132645577 700178 132962886 1017487
132444143 499045 132861600 916502
132950853 2081693 132950370 2082176
132689542 744385 133043436 1098279
132964917 1766501 132961267 1770151
132911457 966091 133266592 1321226
132817480 872056 133327110 1381686
132978057 1753401 132972915 1758543
132664305 718928 133046585 1101208
132939238 2112648 132941781 2115191
624810588 1467727 139391724 1467728
132952088 2057460 132953376 2058748
132885262 939836 132931162 985736
132485438 540344 132610347 665253
413042303 1467747 508531393 1467748
132895150 1949499 132935555 1989904
132758912 813614 133226200 1280902
703044878 1467676 738395332 1467677
132574563 629353 132746134 800924
132561081 615982 132562028 616929
132898011 1833393 132876566 1854838
132549577 604274 132951847 1006544
41950543 2061958 616550847 2061959
513768624 1467645 377985715 1467646
593817281 1467740 4687832 1467741
132698122 146574 132771359 219811
132437797 492607 132765941 820751
132986577 1661816 132985324 1663069
132593003 647761 133174575 1229333
132583577 638240 132734607 789270
132832925 887512 133047071 1101658
132388577 443435 132675482 730340
132673636 728455 132815266 870085
154434073 1467530 310778997 1467531
132674290 728876 132968321 1022907
132627786 682684 132791150 846048
132713866 768705 133060490 1115329
132519217 573948 132614177 668908
132883706 938334 132889527 944155
965341489 2109983 1040183 2109984
201392666 1467526 247460933 1467527
63383886 1467596 215275829 1467597
132751973 806615 132922741 977383
132503526 558296 132666663 721433
132472749 527582 132687843 742676
964438491 1467719 660769381 1467720
920070678 1467510 68653817 1467511
132804306 858868 133300028 1354590
101187756 1467529 84391344 1467530
132604577 53039 132669327 117789
132778311 833078 132992972 1047739
133019002 1563330 133006471 1575861
132884769 1846626 132866107 1865288
30658803 1467501 798008605 1467502
132835200 889799 133343229 1397828
442866912 1467671 49726750 1467672
132856235 910917 133012700 1067382
321958797 1467618 400618445 1467619
132986194 1745204 132986011 1745387
1135313 1467679 733835026 1467680
8834172 3 132635574 4
132393256 448163 132748818 803725
132612426 60881 132740827 189282
796228396 1467725 563219743 1467726
133026211 1705242 133017613 1713840
132653178 707824 133263526 1318172
132653091 707713 133335717 1390339
132716790 315908 132676801 355897
132928803 1802671 132906510 1824964
132708207 324468 132664947 367728
132847298 901981 133141732 1196415
132985878 1745589 132968748 1762719
132887320 1941668 132957911 2012259
132977803 1032396 132991001 1045594
945624499 1467520 290346859 1467521
132883226 1848193 132883053 1848366
770559779 1467660 502670864 1467661
761438995 1467534 974199835 1467535
132914220 1968564 132960498 2014842
393167834 1467563 871257489 1467564
133003484 1727931 132997855 1733560
133093127 1489259 133068166 1514220
577807233 1467699 852860602 1467700
932774438 1467750 375410476 1467751
132731861 300824 132713627 319058
929592888 1467567 739238544 1467568
133031379 1700086 132997018 1734447
907611623 1467624 988867349 1467625
132944693 1999017 132997102 2051426
132736289 296400 132701775 330914
132663616 112048 132668729 117161
133054127 1528228 133036073 1546282
510351846 1467554 7947897 1467555
132601577 50042 132661525 109990
147262373 1467628 723512025 1467629
389229078 1467569 136055151 1467570
132990109 1741318 132966010 1765417
133019389 1712059 132977035 1754413
310723130 1467668 213888043 1467669
827691004 1467566 463584668 1467567
133038633 1543719 132996826 1585526
132582230 636948 132682051 736769
132496577 551327 132958190 1012940
132582441 637232 132919358 974149
133014625 1716846 132978098 1753373
133059577 1671893 133014805 1716665
132798134 852703 133362320 1416889
132745487 800224 132933648 988385
528513241 1467692 840803450 1467693
132591381 39882 132632850 81351
248429214 1467669 457864439 1467670
132776078 830645 133172800 1227367
132672162 120636 132741869 190343
132846920 901503 133083816 1138399
132652954 101393 132676938 125377
132902587 1956944 132932546 1986903
132620577 69023 132645811 94257
132451777 506686 132857716 912625
132616958 671627 133132310 1186979
132955919 2076637 132945637 2086919
132587384 642080 132957404 1012100
132938152 992752 132994198 1048798
132903042 1957377 132903498 1957833
132951581 2080968 132934434 2098115
132942472 1788972 132926035 1805409
132937577 2117001 132942699 2122123
261437461 1467684 961146183 1467685
132600671 655398 133161807 1216534
410449446 1467714 975738623 1467715
919087995 1467680 616396884 1467681
132651926 100386 132724309 172769
132467363 522157 132516807 571601
255832593 1467648 265213309 1467649
132999638 1731787 132881315 1850110
132873106 1927476 132912196 1966566
167860142 1467657 896864701 1467658
511174781 1467560 416421604 1467561
360617448 1467564 538134957 1467565
132856351 911085 133036523 1091257
132754710 277996 132748411 284295
132595000 649875 132779049 833924
132860689 915271 133024621 1079203
132955220 2077330 132934329 2098221
133021070 1561269 133001175 1581164
132460086 514998 132753595 808507
198677404 2061961 493197063 2061962
986722597 1467565 189306535 1467566
649791317 1467625 655210049 1467626
796293297 1467506 674436714 1467507
588150210 1467539 193706862 1467540
133009230 1722245 132924075 1807400
889416726 1467735 708892407 1467736
132861577 1915941 132914433 1968797
133037811 1544547 132995621 1586737
132830698 885305 132931368 985975
132670762 725670 132724313 779221
132445577 500378 132709149 763950
132914949 1816498 132892430 1839017
132709056 763948 132736027 790919
132885042 939606 133266655 1321219
132954769 2077779 132944580 2087968
690603523 1467524 704556334 1467525
132605812 54312 132633478 81978
816640663 1467545 648901986 1467546
132661098 109561 132742844 191307
31544172 1467685 574149618 1467686
133082488 1499887 133050780 1531595
132600823 655713 132914477 969367
132856925 911670 132943568 998313
132489080 543962 132741312 796194
97951620 1467721 903637620 1467722
560988239 1467521 523590997 1467522
132362577 417461 132540215 595099
132550258 605106 132890182 945030
133060216 1522157 133040535 1541838
132696978 145431 132736144 184597
132536662 591414 132710829 765581
604891562 1467739 543517430 1467740
132678860 127330 132749369 197839
87399100 1467705 713969992 1467706
132694840 749501 133048846 1103507
133074469 1507909 133015315 1567063
132731573 786430 133042278 1097135
133015780 1715658 132873251 1858187
7343554 1467707 10173728 1467708
132759834 272876 132731269 301441
132706394 761165 132965981 1020752
133014054 1717419 133004978 1726495
873022738 1467683 688638658 1467684
132841813 896511 133144965 1199663
289780227 1467651 840875702 1467652
132773494 828282 133160097 1214885
715010244 1467687 671798403 1467688
132872216 926806 133066364 1120954
132635810 84286 132694301 142777
132657878 712670 132907828 962620
559693188 1467590 714262534 1467591
133101876 1480514 133081926 1500464
132683671 738378 133254185 1308892
132675786 730641 133109165 1164020
132689237 137678 132730114 178555
132896159 950844 133266130 1320815
132646874 95335 132674289 122750
132801225 855989 133027174 1081938
132990179 1741232 132989301 1742110
710909389 1467745 379235112 1467746
132605477 53945 132628600 77068
598937044 1467663 836028607 1467664
449312261 1467724 382297899 1467725
133020577 1710854 132935987 1795444
132741232 795870 133129471 1184109
132546411 601131 133175140 1229860
133068215 1514142 132956603 1625754
133000217 1731196 132893060 1838353
132877591 1853805 132837025 1894371
132579294 634003 133171239 1225948
132963793 1767648 132917542 1813899
133064645 1517702 133029383 1552964
132596656 45154 132688245 136743
496018841 2061960 208749523 2061961
133067061 1515321 133036742 1545640
132991577 1739825 132934950 1796452
132581577 636242 132951942 1006607
132610375 665220 132717968 772813
132751700 806540 133015048 1069888
132568577 623255 132956523 1011201
132763120 817716 132937317 991913
133004767 1726690 132903504 1827953
132906238 1960606 132955185 2009553
132952520 2080021 132943231 2089310
616353633 1467621 45677343 1467622
132704444 328239 132685290 347393
741008140 1467616 902685588 1467617
133061070 1521300 133018812 1563558
133094024 1488356 133073597 1508783
132986519 1744887 132978264 1753142
132465530 520404 132785214 840088
935407724 1467693 4350888 1467694
132634913 689537 132870607 925231
132638577 693185 133147719 1202327
133008183 1723276 132984500 1746959
132591892 646760 133033816 1088684
133054577 1527756 132960273 1622060
523833524 1467609 602762269 1467610
132701482 149924 132727394 175836
132951150 2081395 132943805 2088740
132816059 870762 132821618 876321
132848725 903449 132946942 1001666
132806183 860955 132965142 1019914
746757372 1467551 823051253 1467552
132748614 803251 132972959 1027596
86098974 1467696 644889182 1467697
132758513 274198 132694694 338017
491245113 1467666 812190734 1467667
132960941 1770495 132920741 1810695
185409454 1467715 905243668 1467716
133077252 1505115 133070133 1512234
132638297 86793 132665976 114472
132878352 932995 133315346 1369989
133029066 1702402 133026500 1704968
132492577 547331 132667225 721979
132667076 115543 132682790 131257
132771655 826288 132887575 942208
132699119 753728 133250700 1305309
506917796 1467543 570189097 1467544
378658382 1467716 784719564 1467717
544999467 1467557 808298593 1467558
350660838 1467711 430307419 1467712
146439618 1467731 530569332 1467732
59697036 1467522 891342500 1467523
133106162 1476223 133084613 1497772
133092577 1489794 133089995 1492376
132876731 1931084 132928173 1982526
678578101 1467509 766688620 1467510
132628392 683209 132749191 804008
132871194 1925553 132938290 1992649
132714180 318501 132667916 364765
132942547 997201 133172393 1227047
132849569 904128 133313786 1368345
648671281 1467559 934131264 1467560
132978152 1753264 132939957 1791459
830294874 1467681 297982303 1467682
132425914 480739 133062777 1117602
132743608 798446 133042830 1097668
132957093 1774319 132909854 1821558
132955186 2077357 132948749 2083794
358945193 1467700 631836656 1467701
132595771 650631 132949680 1004540
933227246 1467636 472398097 1467637
177764610 1467605 579420120 1467606
132521078 575881 132540252 595055
132585586 640355 132907301 962070
132627088 75571 132751244 199727
132733498 788257 132906093 960852
132518405 573187 132674821 729603
132671516 726096 132904159 958739
817057833 1467527 408650173 1467528
132575664 630375 132626242 680953
132643533 698433 132968125 1023025
132504232 559095 132671544 726407
132875663 1930013 132894610 1948960
132918905 1973256 132966946 2021297
132887191 1941552 132946283 2000644
132658137 106627 132710367 158857
132886423 941033 133223759 1278369
917284939 1467528 859426602 1467529
132958187 1012759 133263157 1317729
132996577 1734830 132883650 1847757
132954472 1627857 132925798 1656531
133097577 1484799 133019596 1562780
132729598 784398 132932774 987574
132630577 79013 132717271 165707
132983791 1747610 132981481 1749920
813343255 1467614 807582217 1467615
209817996 1467728 377140768 1467729
132768159 822839 133123766 1178446
133026007 1556339 132991917 1590429
132414967 469871 132634098 689002
973689369 1467580 469809079 1467581
298325851 1467749 217673753 1467750
133083577 1498785 132966128 1616234
132644978 93434 132704795 153251
132754242 809077 132827873 882708
132569893 624673 132834777 889557
132667717 722417 133230518 1285218
858649777 2115992 484809024 2115993
132699077 753885 133010000 1064808
132919987 1811439 132868469 1862957
132763226 817821 132859692 914287
868925438 1467677 134186958 1467678
40790704 1467502 561728541 1467503
132516577 571307 133193126 1247856
132709315 763959 133261620 1316264
132694492 142936 132707584 156028
132612269 667130 133078139 1133000
132642577 697181 133321604 1376208
21265153 1467709 882397342 1467710
132479975 534825 132599082 653932
132944410 2129177 132942752 2130835
133057577 1524759 133001306 1581030
132632609 81058 132635021 83470
304333380 1467656 104915098 1467657
337443198 1467505 911787226 1467506
568978353 1467613 129604765 1467614
945918509 1467738 264099244 1467739
132932766 1987100 132971190 2025524
133002743 1728679 132990481 1740941
132482962 537766 132973395 1028199
132822666 877337 132868715 923386
132636198 84657 132656964 105423
132642467 697196 133098498 1153227
132577577 26066 132701402 149891
962008243 1467547 242473715 1467548
57453151 1467583 544198622 1467584
132505447 560361 132678108 733022
132904639 1958994 132924114 1978469
132425535 480420 132513254 568139
132610491 665248 132750009 804766
132986767 1744661 132955827 1775601
132933297 1987622 132939937 1994262
133052017 1530321 133036566 1545772
132675291 123722 132763391 211822
132619459 67946 132692895 141382
132647380 95872 132705688 154180
132763134 817866 133222817 1277549
99503975 1467640 585644875 1467641
132705162 759974 132737656 792468
103727121 1467588 520668783 1467589
636038246 1467571 76252761 1467572
132634577 689189 132778932 833544
132697717 334980 132694273 338424
173446724 1467647 834460655 1467648
132569236 623940 132749064 803768
132743913 288783 132742609 290087
674291968 2128005 571328166 2128006
132922579 977171 133114385 1168977
132714273 769017 132903008 957752
704741726 1467572 581512174 1467573
132805509 860265 133075759 1130515
965792753 1467503 109304846 1467504
132838102 892796 133001103 1055797
573031631 1467741 214604949 1467742
593080171 1467717 910944570 1467718
132988932 1043497 133314251 1368816
796587863 1467512 728104150 1467513
132611432 666268 133120245 1175081
132329577 384494 132581665 636582
132569495 624201 133092709 1147415
132731805 786480 132903941 958616
132437577 492386 132515955 570764
132797206 851923 133195309 1250026
132440577 495383 132922100 976906
132681699 350979 132666481 366197
132605304 659971 133184467 1239134
132758899 813470 133129926 1184497
132374577 429449 132449103 503975
132504143 558903 132954341 1009101
132558577 613265 132723132 777820
132792119 846842 133230930 1285653
132735581 790347 132923673 978439
132945286 1999613 132956357 2010684
132705145 327532 132698161 334516
132738111 792938 132924960 979787
132858166 912879 133242709 1297422
659339999 1467519 603368209 1467520
133007415 1724030 132991904 1739541
132892577 1946910 132986177 2040510
552513680 1467607 977747636 1467608
64768755 1467589 136556599 1467590
132908517 963123 133097258 1151864
593714040 1467542 708876074 1467543
132955156 2077397 132944434 2088119
561904048 1467718 472866995 1467719
132906745 1961112 132953514 2007881
132649005 97476 132709022 157493
133025062 1557268 132982289 1600041
132898820 1953151 132947354 2001685
746235250 1467736 534786097 1467737
132723513 262029 132727688 266204
132573912 628800 133049517 1104405
132706145 761009 132934807 989671
478265589 1467540 532088512 1467541
611907937 1467531 99406912 1467532
132522891 577678 132937243 992030
132750066 804919 132773121 827974
132683523 738175 132846966 901618
132587850 642696 132797922 852768
132873577 1927929 132933020 1987372
132719066 773808 133083366 1138108
132985380 1746043 132950416 1781007
831227249 1467511 410884829 1467512
132935423 989998 133197574 1252149
425453611 1467622 338137774 1467623
132579641 28129 132720576 169064
557216868 1467730 578156623 1467731
132411586 466438 133102148 1157000
328077439 2061955 666419152 2061956
101954352 1467698 263351747 1467699
133011424 1570919 132988071 1594272
819029320 2128008 704173417 2128009
132719893 312794 132717561 315126
132967829 1022445 133238599 1293215
132917533 1971873 132951356 2005696
132923316 1977648 132932703 1987035
220955859 1467568 281059526 1467569
132587577 642236 133100078 1154737
132431132 486025 132580124 635017
133087930 1494458 133019544 1562844
132879577 1933923 132886127 1940473
393315565 1467643 265946345 1467644
133291245 2109985 888379240 2109986
724068905 1467615 297059234 1467616
529216232 1467515 760026099 1467516
132651126 705950 132770087 824911
132912184 1966538 132963299 2017653
132960145 1771287 132934261 1797171
132423566 478415 132597720 652569
132993558 1737892 132979370 1752080
132679567 734186 132866872 921491
132622347 70822 132660519 108994
54098424 1467549 52321522 1467550
678005629 1467591 898051071 1467592
132736577 296109 132728783 303903
631717248 1467606 145392398 1467607
133010835 1720607 133000467 1730975
132427259 482130 133038613 1093484
132841766 896436 132906721 961391
132536668 591537 132977265 1032134
133082577 1499784 132982767 1599594
255790139 1467517 659665395 1467518
132361937 416856 132969368 1024287
621826422 2061950 647265706 2061951
132626577 75017 132691217 139657
132409886 464740 132698069 752923
940294 1467653 320593751 1467654
132902577 1956900 132948919 2003242
132727946 304733 132676345 356334
2048664 1 132635576 2
133021675 1709765 133002056 1729384
338492735 2128002 764908084 2128003
132641577 696182 132646648 701253
899456066 2061954 177185490 2061955
53674912 1467713 554536995 1467714
132971171 1760298 132931967 1799502
132599294 653975 133184978 1239659
29698924 1467548 210599942 1467549
132349577 404474 132884180 939077
661392346 2115990 481308434 2115991
132704967 759558 133226358 1280949
132906305 1825092 132849455 1881942
524553529 1467623 310143391 1467624
132676803 731578 132692590 747365
132998577 1732832 132950136 1781273
357133615 1467652 496763886 1467653
132614048 62539 132736118 184609
132958359 2074192 132944014 2088537
132612560 667386 132778393 833219
342516505 1467637 395244188 1467638
132609919 664665 132724685 779431
58776638 2115994 460103077 2115995
132926048 1980378 132983323 2037653
469990854 1467585 31022100 1467586
855823885 1467632 120421452 1467633
378443195 1467620 628975688 1467621
132617407 672129 133229034 1283756
133090237 1492144 132991213 1591168
132626718 75221 132700855 149358
132657127 711839 133233011 1287723
132936569 1990906 132946571 2000908
132657577 712166 132822352 876941
132619577 674204 132715847 770474
544623873 1467631 646903385 1467632
132462666 517576 132489829 544739
132842669 897263 133253266 1307860
132574124 628808 132846792 901476
133020039 1711395 132964143 1767291
104608916 1467655 624359520 1467656
603629726 2061952 641837381 2061953
132600181 48695 132620125 68639
337797802 1467686 246618301 1467687
132580577 635243 133184316 1238982
133056899 1525441 133054879 1527461
352685872 1467744 316810419 1467745
132665577 720158 132888414 942995
423261408 1467670 800810299 1467671
82383808 1467634 429531129 1467635
132520577 575303 132591210 645936
132573577 22070 132741523 190016
155551186 1467712 820394633 1467713
538034161 1467658 726029411 1467659
132774928 829577 133194793 1249442
132858078 912723 133063467 1118112
818688586 1467592 18381899 1467593
132632577 687191 132786859 841473
132570468 625296 132614824 669652
