314285792 755012449 100
314292792 5026 314280596 17222
314286053 11767 314285542 12278
606593426 54059 516579848 54060
362497702 54061 1597033 54062
489601721 72087 171753198 72088
314282829 63107 314285381 65659
314276970 20844 314276311 21503
263019617 54060 779533906 54061
969185813 75096 51124241 75097
315133883 54057 489449830 54058
941481314 9 314285801 10
314276618 21193 314267957 29854
455193757 75097 221495334 75098
879360443 72076 980957025 72077
161751967 54065 201665710 54066
897263287 14 314285806 15
957595818 7 314285799 8
990456084 1 314285793 2
515479779 54055 653410850 54056
690442029 72080 29604854 72081
300724246 54044 415175980 54045
146741497 72079 62267998 72080
58247444 75098 973955595 75099
314288514 9307 314279881 17940
593642309 54051 598179150 54052
314273207 24606 314267685 30128
303601128 75095 257175217 75096
314286257 78567 314288516 80826
314276410 46659 314278908 49157
314279859 60136 314281756 62033
952528803 12 314285804 13
314285866 85179 314287436 86749
983971070 4 314285796 5
314284418 76729 314284884 77195
991746 54050 414963920 54051
284511751 72082 948753069 72083
314278810 49057 314280949 51196
314282208 15607 314270387 27428
859748142 17 314285809 18
396060196 54048 303288925 54049
776255999 13 314285805 14
656146048 75092 87596883 75093
650638532 42037 678889896 42038
168158206 54045 538676267 54046
232021425 54046 255832162 54047
64034480 72074 680504621 72075
860997896 16 314285808 17
314286767 82129 314285752 83144
16640310 75094 263889203 75095
530620299 72081 514517520 72082
314273858 38098 314276712 40952
56881744 72088 719301653 72089
842506084 15 314285807 16
314294526 3296 314294091 3731
314277522 57801 314279480 59759
519058344 54054 728734117 54055
255923546 72075 616769345 72076
896976100 11 314285803 12
599410492 54062 560437269 54063
314284256 13561 314282528 15289
847258846 54053 976687165 54054
975155878 10 314285802 11
138564560 72084 676117788 72085
314285109 89791 314284873 90027
161725512 42034 108068762 42035
887845649 42033 131353 42034
314274792 45040 314277277 47525
314282855 63131 314288462 68738
314273838 44088 314274906 45156
314277086 57367 314283725 64006
957368554 54049 722845315 54050
101291162 54052 906552186 54053
314273650 24166 314268457 29359
314287983 9836 314276631 21188
808577529 3 314285795 4
812923742 6 314285798 7
478226877 75093 616504177 75094
541676826 54058 141390555 54059
305132378 72085 776541008 72086
861355720 72089 943215417 72090
72086027 72086 268289379 72087
807591704 75100 929223590 75101
376087038 42035 401345742 42036
193762135 87106 429055938 87107
924806336 8 314285800 9
898342996 72083 771933801 72084
314283181 14631 314281263 16549
83353193 42036 231014745 42037
116448960 54047 112544033 54048
361626894 54066 364959236 54067
314275066 39305 314277347 41586
744959705 54056 895556481 54057
847389802 5 314285797 6
803770830 2 314285794 3
455909803 54063 446439829 54064
106854176 54043 671001486 54044
314276919 57199 314286944 67224
486119122 72077 771161666 72078
323441498 54064 568086076 54065
314285285 73598 314284409 74474
