96235791 633739271 1000
104767654 268 241783300 269
885933656 86 673243624 87
772602784 129 181375689 130
722435556 389 440173288 390
633770664 157224 633769967 157921
129479024 182 966149718 183
633739893 187977 633726471 201399
516067479 417 645034874 418
801323084 446 863493669 447
940208595 309 909616776 310
633791684 136325 633757352 170657
373635373 190 111208706 191
633611297 316615 633593502 334410
2298311 6 633739277 7
988621706 433 971070244 434
294534301 179 178570707 180
633520347 688754 633506163 702938
875075974 113 231098978 114
495495048 329 284005029 330
633687708 240270 633650126 277852
907230674 780896 39034293 780897
711274416 296 947383763 297
472619436 135 914631566 136
861942375 254 571078480 255
633526713 682383 633477811 731285
633640782 287089 633416898 510973
684833843 366 148977461 367
325123675 115 801455758 116
323838029 106 834438484 107
937468982 445 526075716 446
863888864 811002 688596827 811003
612828228 780873 106265713 780874
196038829 188 23922422 189
633731596 196271 633640700 287167
473199597 501 704757952 502
369486793 236 664286526 237
633786477 141506 633632005 295978
633738230 189679 633726060 201849
26117218 556 735308431 557
980988913 549 251366701 550
775007906 176 411843257 177
488976580 448 641195061 449
941814502 580 102022945 581
633837489 90516 633831673 96332
983366925 68 806407661 69
328144879 102 593629552 103
633862707 65289 633836799 91197
593772539 390 905760471 391
934214218 246 958293657 247
192759458 348 831301081 349
342755891 313 888879188 314
13071165 266 769534835 267
633730533 197454 633664201 263786
515247931 486 129255840 487
729665456 365 150704645 366
713233068 134 823574172 135
609883718 453 114110002 454
91166719 26 633739297 27
590134737 780906 368924916 780907
692873033 103 796528984 104
633712806 215167 633485637 442336
170501623 780932 337022817 780933
451001497 444 236453139 445
386965046 206 350686778 207
184267511 208 856914862 209
633832149 95840 633783659 144330
633715249 212640 633463162 464727
633477754 791509 633474741 794522
858282319 289 23262504 290
871624747 548 940315316 549
633911482 16557 633890045 37994
282616106 317 550833939 318
267109168 780855 462196116 780856
590423939 238 229891368 239
679889898 274 218775915 275
214217734 780962 4349174 780963
551126688 780902 510274725 780903
243383171 578 292799855 579
633909271 18755 633590367 337659
633789271 138635 633598317 329589
633530008 607048 633522821 614235
522580938 471 824875384 472
633719882 207994 633534421 393455
198969284 780973 716809534 780974
803962575 55 119938948 56
794736419 780952 835866680 780953
633471064 812800 633473398 815134
61876400 31 633739302 32
56706691 92 676268465 93
633842911 85053 633831656 96308
633552186 584862 633545303 591745
684475583 225 236833794 226
633858211 69811 633567602 360420
804520902 780984 338836426 780985
521819815 500 160087241 501
693669828 780918 879726906 780919
609965926 340 646448649 341
789164390 278 930530809 279
933519563 248 537465433 249
633506355 702715 633493757 715313
771717433 477 432984644 478
878415523 347 149555541 348
822088777 780975 407084414 780976
501042443 546 184081607 547
746048061 250 705598172 251
961050668 413 931145590 414
756330072 575 973838367 576
836622448 150 927763123 151
331954084 780883 388041517 780884
161383415 780893 171829360 780894
935175317 126 760608722 127
205581278 78 923702111 79
710590673 447 614735598 448
633803271 124649 633434329 493591
633786948 140957 633784751 143154
633474782 821520 633475610 822348
873710755 91 524230546 92
633647618 280398 633590772 337244
410695138 361 693557685 362
60242595 272 982736133 273
143562422 209 694631080 210
633894062 33956 633860603 67415
429990139 54 673071 55
845610779 473 228853947 474
859390679 152 192896971 153
352758965 780968 150700243 780969
983763958 161 557720264 162
633562271 574784 633539642 597413
143678608 780866 325196482 780867
939137151 780985 856527753 780986
68753369 369 409457919 370
503631452 271 44844270 272
25282762 780908 103959158 780909
490122049 431 747709754 432
633741315 186595 633722485 205425
122450818 780931 443975335 780932
114581419 108 987435935 109
633749134 178812 633605575 322371
72440443 133 91419100 134
580396553 211 695907033 212
260618890 780899 480434616 780900
633546522 662564 633543465 665621
685357755 780851 583974598 780852
584428688 93 643689824 94
441731266 396 522266183 397
633556655 371264 633453012 474907
250050549 315 125777959 316
198835358 454 998002989 455
969310093 281 137831119 282
590667941 780958 915746637 780959
633865553 62462 633835597 92418
961894048 780859 868384723 780860
779339427 336 954582737 337
633827734 100308 633803830 124212
369275032 780845 634656997 780846
633783332 144595 633466316 461611
633782716 145263 633731810 196169
463933708 780927 284586339 780928
799868050 73 410060806 74
501934658 149 714538564 150
633547829 661262 633492529 716562
959519753 230 517134284 231
633482837 786429 633480196 789070
906128475 305 135913203 306
633736457 191402 633735627 192232
261174515 269 406432873 270
164835755 46 468470736 47
476101985 476 533079183 477
633798418 129558 633775531 152445
633739789 188072 633427485 500376
633664907 263085 633557348 370644
178909244 323 464270572 324
633562075 647022 633559393 649704
15933202 571 3279431 572
264385056 241 72326374 242
282020597 426 50027541 427
120814750 435 121345185 436
506305223 455 442066547 456
65357465 28 633739299 29
49441707 392 635341816 393
504194081 344 338052895 345
164682436 273 399988392 274
983130754 565 84570940 566
158102900 452 452420240 453
471007792 215 862533883 216
633482316 726759 633442955 766120
633820566 107401 633720512 207455
305109833 360 41598404 361
846613516 243 75853828 244
647167209 357 879987426 358
881061581 342 836389463 343
770919620 458 116132778 459
707834120 483 49011337 484
837015185 87 419173250 88
182455073 555 631251799 556
115713662 286 586831749 287
382472131 299 167869948 300
37976566 83 500976881 84
607078343 234 927952759 235
652811332 807999 196786477 808000
633456052 753019 633441952 767119
633540072 596975 633534350 602697
633748973 178960 633563835 364098
959943360 370 397734890 371
633715293 212742 633701856 226179
633541110 595934 633520686 616358
487835708 451 424166117 452
954044652 142 746876936 143
803930611 780920 429381230 780921
399978429 71 383002235 72
633476401 792863 633472199 797065
719084259 780947 66999754 780948
430783372 267 625915228 268
473962613 139 828444410 140
658851178 97 456906484 98
952146439 470 990745307 471
45764264 350 647475697 351
633479949 789312 633466970 802291
85467643 780971 915641112 780972
412704088 406 821201684 407
309757327 780965 476828945 780966
633549279 659813 633482677 726415
19529892 514 94915749 515
633894271 33740 633866864 61147
604778713 144 803145423 145
348264718 334 656328113 335
634095382 461 560188026 462
633785949 141979 633745214 182714
809207069 235 858810493 236
633587249 340607 633564892 362964
621919099 563 231202765 564
633574153 634962 633553745 655370
810388366 780959 444644703 780960
433831852 358 23297447 359
145005659 780948 817067034 780949
715610197 780882 870148183 780883
633540218 668871 633521035 688054
999080259 780974 496281068 780975
633757891 170081 633745466 182506
250345092 780857 865010291 780858
121662268 436 18403213 437
46246919 581 660295059 582
403233020 508 919573156 509
633729107 198917 633568398 359626
839810349 146 702435348 147
187156494 780910 257269532 780911
545373576 408 237415535 409
693362191 399 780986525 400
358192497 94 786059302 95
722406968 297 113352806 298
268222690 427 994605354 428
184028700 69 632609660 70
385820741 492 722022245 493
442832721 780922 61561264 780923
655927994 490 371960695 491
633670197 257686 633608910 318973
35067511 222 658499010 223
344267725 780949 227236991 780950
35745010 9 633739280 10
537039687 780905 392659035 780906
62043285 780963 417094819 780964
806549439 780886 277601216 780887
232389752 242 236422669 243
408456772 526 373125099 527
750227099 780954 661935750 780955
873493724 395 761396649 396
633484005 785263 633472462 796806
198170921 552 82424871 553
905593003 780863 431245335 780864
924897869 493 717170037 494
596794398 291 362856820 292
633529003 680069 633522720 686352
633560260 576799 633548275 588784
4103025 780986 308651869 780987
633557808 579244 633556817 580235
467070987 485 342780544 486
633896333 31686 633826904 101115
633616826 311047 633518088 409785
794830921 780860 678982408 780861
331296108 207 27536197 208
264619106 780924 469577639 780925
249925560 143 51759040 144
771683503 35 405525753 36
953536724 316 866861824 317
633756702 171259 633628571 299390
633554629 582420 633548428 588621
633790220 137698 633782263 145655
633762526 165361 633736600 191287
633783670 144283 633541051 386902
269470939 780917 649207770 780918
633726542 201475 633671063 256954
633648918 278983 633645857 282044
964367732 333 576020287 334
633513165 695930 633498854 710241
539207289 61 320670046 62
561081337 464 372281966 465
642427861 63 560751421 64
216014131 780876 669542048 780877
633727036 200902 633711147 216791
927698622 558 949492292 559
802254519 513 146441234 514
633721744 206201 633685011 242934
633541271 667805 633521835 687241
36711463 29 633739300 30
633521908 687170 633517542 691536
607117293 562 208204991 563
10943192 100 32105295 101
423217451 780966 199199355 780967
206414131 780848 110297641 780849
633662595 265342 633504704 423233
633767976 159941 633690451 237466
234939463 341 787157085 342
489700695 59 446233913 60
857799916 457 729167267 458
789195175 780872 394778076 780873
541454865 437 745051686 438
901399850 226 745814767 227
633890962 37052 633873592 54422
619439391 391 142891215 392
613268579 75 956764983 76
961592066 84 142233357 85
143502767 371 962427520 372
773391097 117 152906189 118
633776728 151185 633770482 157431
452534195 465 959287716 466
178881475 412 856921899 413
951651585 780921 549836300 780922
559766371 178 314776740 179
593847977 517 632495443 518
520868979 112 218125677 113
458688836 148 918684691 149
478539037 450 710922402 451
129532246 337 616791616 338
407107595 38 158227878 39
470688052 136 307293415 137
172654563 472 538475485 473
573342826 780964 151183647 780965
633541976 385890 633470958 456908
186261517 780987 246624379 780988
532511705 535 726372776 536
62405135 21 633739292 22
769169594 321 848992436 322
750658639 223 825440933 224
269915171 506 563591491 507
356704247 505 311233038 506
414312698 240 488717571 241
714893458 525 115066763 526
98414024 780898 555954498 780899
633565292 571771 633564119 572944
482719050 780943 217467877 780944
208165317 484 574081359 485
664490805 780976 344887143 780977
762048281 293 806059169 294
633785271 142631 633634366 293536
603570568 352 4245098 353
912223632 245 305892762 246
421017592 52 177565748 53
633479227 790033 633462995 806265
633762951 165070 633624818 303203
388409822 159 523239221 160
633681974 245934 633625853 302055
119056326 183 794452065 184
633741691 186177 633484396 443472
633715223 212742 633700273 227692
584241504 287 420738295 288
633599881 327984 633516838 411027
834010307 498 104470356 499
633554602 654488 633544072 665018
225478977 158 965104897 159
633556047 581003 633556023 581027
422788327 199 56171218 200
200667332 568 334436724 569
40093832 88 718252665 89
647188689 780980 458469708 780981
633834164 93798 633548722 379240
633779109 148872 633491902 436079
33439435 232 973288769 233
293909133 422 242201128 423
243949801 200 394856205 201
17703844 780870 376626629 780871
236983007 277 249929927 278
814611605 418 443195998 419
633858693 69347 633673713 254327
849090514 116 574643525 117
633826785 101171 633742250 185706
654004370 531 348707316 532
633762644 165340 633636355 291629
77246723 302 821234670 303
50529127 24 633739295 25
633562589 574469 633545628 591430
633807207 120779 633627269 300717
313836379 780919 238417256 780920
633833202 94825 633755809 172218
383915651 491 837183430 492
964574083 40 448365957 41
585502617 551 151626159 552
633538282 389612 633428205 499689
633554263 582790 633526052 611001
867294092 118 257743590 119
24561149 780938 328867991 780939
520172349 192 922656748 193
113658063 780871 131375655 780872
993839925 378 734018192 379
633763894 164017 633679495 248416
578001367 409 83676734 410
600036445 171 741307756 172
633531215 605830 633529568 607477
633739270 188699 633573019 354950
242064518 160 741779391 161
189120834 780979 921950355 780980
145181348 185 639833726 186
780666178 529 482778854 530
310300365 434 733266877 435
907810001 187 951942166 188
633569820 567244 633553090 583974
535977815 780940 365590132 780941
636254515 564 421956168 565
876626568 419 909885413 420
643605430 487 644900362 488
231305682 780868 428408244 780869
728213476 202 293683472 203
633475077 794190 633469206 800061
112735408 354 592929234 355
187654050 295 507973147 296
523413786 544 653975296 545
333556428 132 8805523 133
857846868 527 373088210 528
752400104 212 443961314 213
633844744 83285 633639323 288706
644144272 780865 407873791 780866
957119485 169 857360123 170
524665044 76 664942007 77
997715722 466 914523902 467
633544499 664581 633541917 667163
633522026 687053 633504939 704140
912693088 375 768346067 376
633754485 173392 633716464 211413
136155601 156 550490766 157
633788161 139780 633774285 153656
633728388 199569 633693381 234576
673650260 547 999752158 548
581653104 530 7882796 531
762647256 439 542408840 440
633484271 784994 633473251 796014
924546659 497 802359525 498
633772416 155475 633766565 161326
432847742 430 639269401 431
440614651 780861 642551917 780862
326297333 346 285600784 347
468426684 213 673952540 214
371276489 110 643505574 111
952015734 780854 312730611 780855
697051365 459 858954318 460
633502727 706372 633498644 710455
84856854 37 637865691 38
85721852 79 506166994 80
100747506 216 180914572 217
65187523 780864 863581319 780865
898767478 554 460260116 555
952313089 98 432062698 99
360195259 195 851665226 196
682801161 261 255275109 262
408608678 780912 980598889 780913
665800103 210 122058265 211
112817913 72 204209272 73
123088882 543 445238091 544
609237154 154 5220245 155
152973852 140 248885076 141
185704722 496 76035934 497
681384880 310 33750854 311
789000954 363 690703780 364
633640012 287892 633620673 307231
456145265 570 619559079 571
867747318 51 397331510 52
489044809 166 108216709 167
781413430 292 332830991 293
479992290 780856 982705876 780857
633682387 245503 633587133 340757
684844291 780936 100832363 780937
633686577 241431 633598887 329121
633550084 659001 633548529 660556
500072960 462 331499402 463
633834271 93680 633759335 168616
135980419 265 234180112 266
751497182 356 870007614 357
314252310 520 637779771 521
780544365 284 789823134 285
633876302 51698 633795359 132641
282483719 327 27405855 328
91184042 70 738148183 71
633778748 149184 633603543 324389
94602130 405 723813473 406
633472626 796636 633468535 800727
418796026 320 727007571 321
77593711 7 633739278 8
633782485 145500 633583645 344340
582726985 233 607317696 234
56318249 332 739470856 333
633703307 224636 633621672 306271
41449817 3 633739274 4
76939425 8 633739279 9
19375310 14 633739285 15
746857077 780884 411317762 780885
543914813 479 34366646 480
271900452 74 971609909 75
17391138 324 554665801 325
633825271 102671 633537602 390340
716262651 145 722962689 146
321894731 312 625394872 313
633643041 284947 633574375 353613
31161246 90 166019683 91
633675249 252685 633471873 456061
255120914 120 479310362 121
633685371 242584 633660521 267434
633858014 69999 633714090 213923
633507544 420404 633468830 459118
29192573 576 651255004 577
633556716 652382 633552828 656270
780429584 499 789885023 500
173447271 42 549112884 43
59385665 780925 992397030 780926
758457845 780903 551329077 780904
633567559 641546 633482452 726653
195456692 416 251562650 417
151353587 65 122678092 66
981870051 780894 23554935 780895
42111889 407 916924361 408
350741618 283 529465944 284
76926290 10 633739281 11
761464326 253 221220000 254
675020886 516 7342043 517
882599621 57 932876210 58
472923143 252 917271619 253
288309252 328 503033129 329
633684156 243804 633539764 388196
3115737 47 13502887 48
746870697 511 635928727 512
749789892 49 358341650 50
475017386 290 896972688 291
633517655 691419 633508501 700573
829838485 351 571561703 352
633732291 195707 633727333 200665
445686234 338 459355859 339
633546266 590780 633529615 607431
633819558 108419 633749425 178552
232133275 196 789561771 197
567660673 379 139881395 380
519865180 221 658994763 222
633810963 117007 633798273 129697
542127760 359 233748608 360
380231217 811004 498372204 811005
633703157 224757 633519998 407916
633833262 94748 633716415 211595
277981014 326 643513785 327
419020345 780944 468714593 780945
712816262 780945 82429307 780946
633765367 162533 633592374 335526
633751684 176348 633573783 354249
633787442 140551 633779226 148767
633553583 655519 633543412 665690
11653433 4 633739275 5
633805866 122081 633769735 158212
633555997 581060 633553185 583872
3886611 374 943101626 375
633682943 244943 633601542 326344
534480909 553 467638980 554
140971755 583 810617267 584
716212562 189 563454892 190
955183745 239 790044407 240
579467069 780862 505053616 780863
112758895 393 355193761 394
633697986 229871 633645536 282321
634143358 394 340311365 395
633544410 664677 633536255 672832
461554786 468 694144211 469
110163578 101 48681265 102
5120922 440 924632494 441
293038567 780916 326926869 780917
372640030 509 967565985 510
288559736 345 396534887 346
242159176 780881 5050070 780882
193441511 175 294817189 176
633847156 80874 633840212 87818
633657926 269959 633467502 460383
3823482 23 633739294 24
65375415 15 633739286 16
586870850 77 820165175 78
825769235 780983 277060310 780984
764957978 780915 188887407 780916
633481808 446061 633420716 507153
614927345 414 323531136 415
633775733 152191 633661754 266170
148168985 60 562943483 61
666186044 263 795297682 264
122271381 138 258389452 139
712056404 780951 563280180 780952
765111654 298 280218129 299
888442060 519 363085423 520
982673835 204 959379609 205
453570221 420 987356380 421
633817107 110829 633792208 135728
633867956 60050 633860684 67322
446460168 780956 541398147 780957
522418845 425 517573602 426
633721277 206583 633531903 395957
633639325 288572 633632314 295583
799167410 157 471112017 158
56776356 307 400599749 308
750340962 280 943587551 281
84564514 119 225182202 120
322299427 151 385361927 152
633703255 224648 633513746 414157
513077289 384 78335462 385
614346439 415 228130548 416
633806447 121544 633704589 223402
120887836 567 789423220 568
274633956 400 117748681 401
632782316 577 870192394 578
633641936 286014 633476923 451027
633868354 59674 633637703 290325
735349529 229 262998599 230
691867162 560 864644379 561
824733500 780895 894313979 780896
553701227 162 673090807 163
183828735 780977 385321984 780978
633575271 633839 633524163 684947
101257552 780957 584710759 780958
869389306 424 667240216 425
804742343 780890 794285153 780891
633863922 64075 633690319 237678
695325535 67 647529984 68
633818770 109188 633750230 177728
633748358 179535 633725298 202595
365210038 537 769924269 538
633470657 738411 633452362 756706
2255364 538 698845067 539
140503901 258 188586197 259
975216311 127 347373367 128
420588277 397 494527391 398
466237836 130 304286592 131
150954770 780877 97255813 780878
464731924 104 127685472 105
633754594 173286 633727321 200559
997931833 429 204028020 430
46708531 811003 269950475 811004
653949392 39 36477021 40
279217397 488 64362765 489
528907184 228 956913776 229
633519684 689416 633495780 713320
633909393 18650 633598105 329938
154001758 541 247058439 542
183703456 282 489140888 283
633698431 229500 633462037 465894
672469266 62 250173146 63
633560441 576621 633548871 588191
995155021 244 316904647 245
633908498 19535 633866918 61115
937600522 34 717955749 35
98226901 410 323533810 411
633573490 354433 633547325 380598
633835196 92835 633721115 206916
966806567 227 555968736 228
633666583 261279 633412200 515662
177758695 404 479601452 405
33694387 81 73549362 82
437531584 205 407129740 206
283882064 780874 957601949 780875
136170066 780889 778275365 780890
105044832 111 622263912 112
633580605 347317 633455874 472048
633490875 718191 633488717 720349
409232535 155 628575455 156
994255123 41 273431788 42
786619206 780942 546431463 780943
848856064 518 183966637 519
977469498 780852 168604722 780853
633764441 163484 633755169 172756
633574463 634649 633521897 687215
913936464 402 704259240 403
639811545 780933 649535836 780934
953377092 197 647605511 198
962798932 456 379385065 457
663466690 442 373297037 443
204629485 780850 817652895 780851
633646417 281490 633526461 401446
633791920 136048 633788515 139453
66119821 27 633739298 28
17205617 18 633739289 19
633595693 332182 633566334 361541
302434214 780901 561704509 780902
323824791 174 523677667 175
303502836 231 363334878 232
701584865 163 659754504 164
611923513 80 652408413 81
61792773 339 943963329 340
81386927 19 633739290 20
633743246 184761 633647303 280704
60475579 30 633739301 31
31315065 201 911084756 202
425814595 780900 210452272 780901
638505973 432 148765450 433
877310352 64 842793465 65
354928228 780904 590346355 780905
872401799 259 306151223 260
633842767 85213 633727724 200256
464670764 349 640061931 350
593949614 95 748262878 96
924135251 536 884532635 537
762609801 237 247680907 238
284815296 510 389217712 511
296166255 780953 355137360 780954
633562460 646647 633544400 664707
959168246 780961 848895514 780962
953214808 388 931552181 389
716624031 385 667625406 386
815834815 572 941145808 573
626547562 780978 640276273 780979
918644242 191 645033675 192
43013159 475 375872064 476
633538641 598419 633525628 611432
591065824 469 313358685 470
921650728 247 830008093 248
633776516 151488 633703438 224566
216187032 181 997325838 182
744064708 167 499357357 168
633474207 818944 633475169 819906
73530030 16 633739287 17
34517796 780969 89831660 780970
146449607 214 16008633 215
207372769 36 526520831 37
17312512 382 783940905 383
548322751 557 969659018 558
633715946 211952 633608113 319785
633767271 160613 633494239 433645
855485342 165 669565625 166
808007284 96 748044189 97
830210484 128 731994530 129
633565411 643693 633542184 666920
633672037 255859 633510588 417308
497953000 780858 848478869 780859
238111376 294 667525626 295
31312073 251 261903995 252
693867112 780849 537320718 780850
159014916 780935 709510305 780936
763859442 780955 174562933 780956
391723630 377 683766380 378
633774759 153266 633745244 182781
633748523 179448 633697384 230587
613553717 515 787622157 516
397247900 780867 782273055 780868
633847019 80971 633814372 113618
633735556 192359 633700284 227631
264644962 522 379154047 523
633619967 307912 633429804 498075
514295910 105 302822470 106
848078656 180 191376391 181
801674178 561 858764411 562
852717539 45 77732322 46
52140363 198 96539064 199
633533631 675457 633479855 729233
633814287 113657 633802339 125605
633643740 284138 633599274 328604
558435856 533 735016645 534
787217334 331 386417512 332
720066246 528 34271723 529
379563013 780892 2937485 780893
184264200 141 677189581 142
633890047 37965 633846390 81622
98336483 193 937098944 194
716898536 502 760018392 503
804943594 43 641264562 44
555142276 147 485355563 148
633550700 586361 633545578 591483
633816371 111569 633754471 173469
645725762 262 471492834 263
567594665 177 868177772 178
90327251 5 633739276 6
568487791 330 950956851 331
219408809 441 62457659 442
832233449 53 952730737 54
633829818 98131 633803259 124690
69831001 780879 620228240 780880
990081741 480 959137391 481
30966356 579 284209044 580
633529589 679525 633499115 709999
268261687 780846 112306879 780847
633544902 664191 633532726 676367
633470918 809648 633471827 810557
116119602 256 171362350 257
329084802 255 871967761 256
715187316 523 709358540 524
382430515 314 584297168 315
24541223 780875 650922410 780876
785995417 107 347784102 108
633744291 183747 633627471 300567
492552938 319 524714776 320
633570646 638463 633541982 667127
633780225 147674 633769014 158885
133754630 780911 470860597 780912
633843021 84973 633826872 101122
633682434 245447 633452525 475356
556328602 512 562694165 513
163038553 401 123099190 402
207305973 311 547687121 312
72716260 12 633739283 13
973471507 270 762787100 271
633878271 49724 633607861 320134
696136428 66 877728499 67
951660439 780950 970486513 780951
504556789 217 757157251 218
283925168 398 889389893 399
48672615 780913 777593766 780914
86895290 22 633739293 23
478929396 362 543289353 363
623176792 318 965464966 319
103224295 109 270024480 110
238006493 428 982304572 429
648218928 443 200434563 444
517994913 184 746536127 185
924331927 780914 9772309 780915
662719077 503 705034399 504
241390888 780941 474213148 780942
633683843 244029 633653512 274360
633515453 693624 633509646 699431
633821892 106047 633802410 125529
789244958 780970 626269799 780971
734519823 121 236571817 122
811580438 780928 724848170 780929
71292107 372 856290998 373
580462712 276 296255348 277
633904117 23919 633902646 25390
141526798 478 969605419 479
633776213 151821 633590268 337766
633697481 230414 633669710 258185
633804271 123650 633605278 322643
633673110 254893 633555815 372188
885399638 373 803070452 374
633508743 700326 633492877 716192
835256096 288 20843606 289
929021027 780982 766138257 780983
127781653 353 970920707 354
793244336 780972 710213635 780973
633882271 45728 633823868 104131
633762021 165933 633512629 415325
712040734 304 146190117 305
633863132 64888 633732357 195663
274738057 50 512873643 51
606126554 99 754296084 100
794379302 82 494727858 83
111137205 482 998059440 483
325747616 495 63964908 496
945165450 203 648393302 204
54488935 13 633739284 14
297708197 569 535551512 570
874415831 780907 34591846 780908
633465175 743892 633452864 756203
184987255 542 277882218 543
83347833 1 633739272 2
857707601 343 969742715 344
921317867 474 461602866 475
23516970 32 633739303 33
147672133 780934 646413314 780935
234843637 780891 140949762 780892
19264242 2 633739273 3
118393053 545 495640686 546
633544201 664893 633523400 685694
91425267 574 2966051 575
707642560 308 290143286 309
428210621 380 255416174 381
633657219 270756 633604265 323710
285395524 780887 426439381 780888
799407999 573 613273071 574
633588383 339546 633572057 355872
633890186 37837 633874525 53498
242212723 114 403690913 115
633544965 664118 633472535 736548
577987697 780923 490132432 780924
633581548 346316 633539871 387993
633561271 575783 633545434 591620
292417827 123 200348557 124
633555044 582007 633538112 598939
416817149 303 255759644 304
342303749 300 544573799 301
24403129 364 175987570 365
929167339 48 704818261 49
571421986 524 207526178 525
713874613 376 710169400 377
633917298 10739 633917026 11011
633884271 43730 633722245 205756
220360985 325 76166262 326
292500844 780909 828949822 780910
317171728 780960 821668539 780961
349120017 58 702260954 59
186265748 387 791191217 388
429986595 780880 658473228 780881
8225116 780939 216441046 780940
744662654 219 358695121 220
633785688 142275 633601928 326035
668789869 423 707992606 424
812280298 279 572314241 280
633704814 223112 633461770 466156
259564450 582 865344911 583
578184476 780847 683364508 780848
301394789 173 448555368 174
861350232 780885 481434512 780886
864866125 124 797129130 125
633781590 146412 633509510 418492
159928119 504 51072544 505
445490543 780946 698044229 780947
633513932 695150 633449967 759115
569809896 194 223377860 195
633472822 814557 633473374 815109
22192667 25 633739296 26
476477545 449 999469993 450
629872855 521 156464554 522
85410180 17 633739288 18
48165205 20 633739291 21
255785023 403 700855368 404
264702971 85 726060959 86
225283162 386 52874008 387
746061603 285 353247915 286
429428559 367 121512505 368
633546271 662810 633518480 690601
498697039 460 852271681 461
80784136 249 309695402 250
633851803 76179 633836500 91482
22981689 11 633739282 12
740981167 807998 957303967 807999
623721960 411 324569006 412
633498745 710366 633475621 733490
779708599 125 939624621 126
288010303 550 269406881 551
331730042 780930 781737277 780931
633547714 661389 633540386 668717
633689669 238189 633483593 444265
97940127 322 947662624 323
633596868 331006 633518758 409116
925187156 421 426121408 422
755943665 44 141456478 45
465817281 137 165514039 138
633924271 3770 633893771 34270
768152557 780937 16398484 780938
633503618 705447 633498038 711027
108231140 780869 964541295 780870
504481589 275 74899821 276
633726042 201840 633649922 277960
552113094 780853 916482729 780854
962755377 566 985843521 567
117677374 170 843081327 171
633571271 637835 633498055 711051
576290711 467 745240083 468
167438309 780926 958669563 780927
409985464 264 286945775 265
883314460 481 136447374 482
690602100 381 991554364 382
535264213 224 709251678 225
633660676 267290 633608345 319621
271613256 532 525981142 533
539414175 368 908173168 369
633734484 193451 633722103 205832
989072468 168 80393717 169
990921413 539 764761162 540
652704821 335 764576325 336
858886258 89 607723659 90
590761818 489 147673116 490
645611168 301 953019422 302
891992844 164 695641649 165
633759574 168342 633691383 236533
876126707 220 946271694 221
704241173 540 208261482 541
10795784 153 523065798 154
633475431 824170 633477186 825925
341859917 383 278925927 384
633797421 130509 633444197 483733
363340059 260 402239842 261
633573271 635837 633476708 732400
633492731 716353 633472939 736145
126905696 306 941138403 307
840847778 172 969461577 173
642859129 494 115687922 495
486940141 56 972853462 57
542260214 780897 372175963 780898
519753058 257 521719073 258
860271372 559 29557 560
252716601 122 431932832 123
633676753 251110 633666828 261035
633819946 108013 633789484 138475
633670782 257192 633570548 357426
505152125 131 916626894 132
375241680 534 508815840 535
633568454 359498 633550268 377684
633521788 687285 633515359 693714
222059958 463 594060722 464
681404283 780981 907396516 780982
23612453 218 101175078 219
831578192 438 830140732 439
633574546 634567 633572930 636183
2765709 355 691100906 356
633692997 234895 633682947 244945
848063910 186 350592439 187
