1 999999999 100
148479510 197894 148480136 198520
148448473 70797 148488318 110642
148486414 250809 148486420 250815
30432788 171065 304687753 171066
148410737 33068 148414811 37142
148471853 174228 148480786 183161
148487574 253970 148488473 254869
148482760 201137 148487001 205378
148453301 75617 148495709 118025
148450114 72418 148505908 128212
649375622 171061 454752496 171062
148430410 52732 148484523 106845
148469226 145580 148471028 147382
148384700 7042 148463671 86013
148485094 203475 148491326 209707
148476056 178427 148487525 189896
148484255 202638 148487050 205433
148401977 24303 148466860 89186
148443355 65667 148497141 119453
148479967 198346 148496914 215293
148475446 151796 148477848 154198
148441191 63496 148491736 114041
148420523 42851 148476383 98711
148478291 196673 148492998 211380
480701504 171064 540089456 171065
0 1 1000000000 2
148481279 183648 148485844 188213
148471537 147888 148473464 149815
148491581 228210 148487372 232419
148379902 2250 148391101 13449
148434074 56392 148457079 79397
148482700 201076 148499151 217527
148424581 46894 148480026 102339
148442076 64399 148449057 71380
148469784 146137 148475164 151517
148408161 30490 148408510 30839
148468331 144686 148473643 149998
148491424 228365 148490307 229482
148407261 29604 148437810 60153
148401194 23528 148425113 47447
148435451 57772 148468757 91078
148476218 167539 148473914 169843
148490894 220891 148490233 221552
148437814 60128 148438046 60360
105087014 171060 459044570 171061
148403751 26087 148462719 85055
148419921 42265 148471821 94165
148472042 148391 148474548 150897
148460368 82670 148500398 122700
148475006 177376 148485833 188203
634029639 171059 868253599 171060
148490382 223404 148489539 224247
148476824 166934 148476721 167037
148436423 58753 148484584 106914
728045427 171067 426701820 171068
148413761 36081 148423599 45919
148454501 76808 148506302 128609
148487674 232116 148483077 236713
148477410 179784 148484487 186861
774243881 171062 833342345 171063
148439382 61692 148475221 97531
141694818 171066 427238120 171067
148476098 167658 148474735 169021
148475026 177398 148485367 187739
148384738 7084 148414639 36985
148418483 40798 148432247 54562
148422060 44395 148433220 55555
148404257 26597 148449099 71439
148386073 8414 148445552 67893
148486913 256311 148487959 257357
148450947 73256 148498130 120439
148410662 32987 148414398 36723
148450564 72867 148472093 94396
148483164 236623 148481777 238010
148379700 2047 148472832 95179
148418417 40749 148419381 41713
148451432 73738 148499920 122226
148486550 243942 148487113 244505
148393390 15735 148467243 89588
148485453 242846 148485636 243029
148473300 175673 148485435 187808
148410816 33155 148438533 60872
148461354 83662 148484568 106876
148489700 262099 148490141 262540
148411579 33912 148467282 89615
148391007 13345 148481800 104138
540771806 171063 960943401 171064
148490814 265214 148492577 266977
148442182 64499 148457551 79868
962839299 267101 40713038 267102
148487254 205634 148492296 210676
148483437 201815 148497804 216182
148399700 22027 148462697 85024
148468700 145052 148477342 153694
148485701 248093 148484785 249009
148447497 69808 148506512 128823
148489199 230589 148487256 232532
148407766 30085 148471542 93861
148489692 259089 148490322 259719
148403941 26278 148420092 42429
