426465695 833068545 1000
195813631 717938 417657173 717939
810086862 407 200899249 408
86676710 404 305680274 405
833059987 214090 832813783 460294
219835325 241 364676718 242
334250654 415 238137402 416
879641024 286 16310279 287
877354695 331 774312005 332
833100545 173512 832900491 373566
833166440 107694 833000163 273971
727882593 814003 664960483 814004
147614803 82 520459391 83
561590371 18 966286264 19
543683920 210 83846861 211
832878545 634881 832870030 643396
565577664 385 308109182 386
463983019 425 746047624 426
927919677 127 63554549 128
833132576 141566 833024922 249220
833184683 89511 832896028 378166
498078757 319 979462120 320
295208967 615708 210493703 615709
61824580 87 995022537 88
290438822 615831 267739573 615832
651109935 615756 765276176 615757
66988844 717959 569638174 717960
729072023 46 355476289 47
668947379 458 724235311 459
832857614 416414 832699682 574346
833076616 197531 832784091 490056
427195605 187 407669 188
612932289 310 980682404 311
668853255 246 663250660 247
856438752 615851 681932246 615852
747443405 283 348963643 284
480801821 717945 232729854 717946
225046397 281 239648441 282
52419207 401 208182080 402
119915798 435 499902531 436
833198082 76087 833174546 99623
463262552 168 960905225 169
468135986 216 134642702 217
259093821 717901 712392866 717902
993038582 615802 608459774 615803
756607569 39 788919866 40
572664911 238 955543615 239
96300178 717926 203150864 717927
833070744 203471 833033095 241120
978810397 717920 864047379 717921
445537898 615733 909677944 615734
59587357 3 833068548 4
873358658 211 221667930 212
832814585 794036 832814761 794212
889370323 52 685921805 53
987239797 615759 428665654 615760
80739127 615836 601545744 615837
607711394 289 104148143 290
305633948 105 394439546 106
557859151 106 817554563 107
432740742 344 172995154 345
613761926 235 208209809 236
365268020 615844 874744207 615845
832878572 634866 832876857 636581
355442689 615818 198354244 615819
493631541 615702 284205288 615703
288076919 450 602636318 451
126345591 37 352908142 38
763819018 428 919258267 429
930025365 426 865897459 427
833148410 125708 833080812 193306
896342334 341 640731337 342
909020675 260 538239222 261
812606746 226 52870380 227
599878700 59 525426405 60
541850537 615704 309386589 615705
107282211 248 607337439 249
832083613 615845 876287922 615846
265334257 615833 912654048 615834
832971853 302214 832840348 433719
833100086 174051 833053922 220215
281654277 717918 858606969 717919
664895251 615824 925166064 615825
769047747 615849 145035482 615850
832847433 665992 832814232 699193
704859664 217 116057834 218
833032151 241905 832987358 286698
816185241 469 809581362 470
832856875 656565 832853725 659715
937960266 459 436205958 460
812982045 717957 102328393 717958
175162882 615747 14893879 615748
832829452 722877 832830172 723597
833240167 34035 832996848 277354
826607027 615813 899684068 615814
832865963 408106 832846218 427851
581384097 615693 324439697 615694
194397989 717939 107123171 717940
347214054 73 136168530 74
211651335 303 711244697 304
856822733 615814 364435218 615815
667180504 189 501083462 190
813871635 434 510944949 435
833052903 221242 832978576 295569
427131058 615690 752946962 615691
715780411 280 460148333 281
140107976 266 854129107 267
832833811 748717 832817200 765328
262625951 347 125519715 348
832888107 385989 832805880 468216
833179545 94591 832954002 320134
371462069 306 66719350 307
445426245 65 258837814 66
833018258 255965 832869217 405006
575104999 328 943167868 329
924576723 54 40694425 55
832820368 806176 832818640 807904
63307149 615850 542323798 615851
48563559 717922 36238549 717923
345954403 732972 878652254 732973
82576594 348 810615896 349
832820906 761614 832818697 763823
87496386 375 24808836 376
343891975 366 38541303 367
689216555 218 362156629 219
543726316 615835 548095115 615836
5150381 615727 229240541 615728
281433710 2 833068547 3
833114517 159678 833024018 250177
719746441 93 768151688 94
987232404 174 485112270 175
647580408 77 527474768 78
5461444 290 683829735 291
833180311 93898 833059762 214447
834501048 615798 14122478 615799
905585650 75 930269846 76
851770850 412 28204816 413
518979774 615695 940907451 615696
832836559 745972 832834493 748038
832863596 649827 832859556 653867
833087858 186204 833076697 197365
10715839 32 488877101 33
515201466 615842 786133810 615843
128976879 63 791855920 64
832830545 723967 832831217 724639
832991817 282369 832958641 315545
833159670 114487 832975491 298666
195584753 133 896439722 134
575935045 418 937064507 419
898073157 615822 419402515 615823
628751633 615841 38608849 615842
101797324 615852 462757996 615853
773051398 615775 378925783 615776
587227077 717949 641596275 717950
87156106 615692 634332693 615693
832819732 810188 832822050 812506
832821149 780389 832815042 786496
974561551 169 444439512 170
520913923 422 3632122 423
699901727 96 380905674 97
832868504 644915 832861080 652339
265862444 58 461557672 59
833172600 101572 833111608 162564
832870508 403564 832745505 528567
130995185 197 747263393 198
548632224 615769 307027006 615770
678240438 16 200187694 17
833140097 134014 833138118 135993
190184528 70 894091126 71
833160723 113435 833117692 156466
743107574 615830 548090461 615831
321202784 316 730523287 317
233733549 615686 66743836 615687
373181757 372 732728464 373
566733289 17 193960307 18
114895669 343 113532886 344
832811162 462873 832673109 600926
833119074 155151 832956550 317675
778359544 322 845281975 323
69687134 717910 147100377 717911
833176678 97542 832943218 331002
282696898 244 837832306 245
744912365 392 858464342 393
24300632 33 578605108 34
696124828 185 884757430 186
941956222 274 875169224 275
832814851 767670 832808152 774369
693073031 717916 268074542 717917
640802404 615859 789897270 615860
832873864 639558 832869478 643944
392661064 417 161433958 418
46935499 23 307925422 24
502782323 259 129411721 260
383244085 61 745401644 62
506118151 177 634418277 178
679498667 145 419480479 146
717325975 441 785569137 442
832879319 634111 832844317 669113
286426490 445 850243879 446
310211882 8 833068553 9
208346276 717942 534506526 717943
902582250 256 255628206 257
476330350 381 582071751 382
794438083 457 926541873 458
53023284 346 901275133 347
591095422 615750 381843253 615751
832865516 647918 832843682 669752
118337800 615703 270806785 615704
833131545 142543 832794180 479908
631056797 717912 388334530 717913
833209547 64636 833027167 247016
799336827 308 474001735 309
438120006 615799 5161380 615800
517650005 119 680933746 120
832865179 648236 832862823 650592
388649766 717963 768971541 717964
199364354 351 674176384 352
966356286 89 653532418 90
661046350 615837 693580797 615838
833089584 184469 832987784 286269
832821383 811838 832822663 813118
431803639 454 121263120 455
914917051 103 98586559 104
833134296 139817 833031152 242961
833102781 171412 832990252 283941
836184979 334 246200665 335
832828298 754234 832817175 765357
420957343 717905 369286176 717906
832884168 629275 832880786 632657
181788427 352 964749342 353
191768148 717960 894780172 717961
205010979 115 97460775 116
157811246 91 373352538 92
510843858 615696 516721700 615697
832818705 782830 832815177 786358
631154445 442 745634642 443
832992895 281186 832973877 300204
833086055 188134 833005801 268388
976003676 456 180933062 457
408532818 279 30904034 280
833114009 160132 833077830 196311
219118631 370 632129071 371
832869000 644432 832865674 647758
833064154 210009 833015100 259063
387575348 102 671408290 103
833256545 17668 833052790 221423
300225541 455 922940734 456
832856753 656665 832839278 674140
185438741 453 723993012 454
833253786 20430 832948408 325808
833145545 128557 832947975 326127
90659644 615740 883054785 615741
277620616 431 661728634 432
557670227 247 139459265 248
832827631 685800 832821794 691637
650712107 180 730935014 181
169093907 615774 640777689 615775
512356776 219 758216081 220
833149952 124163 833114392 159723
455725232 150 455857805 151
261933135 615728 274928836 615729
833116647 157429 833097056 177020
99594824 321 48965831 322
45718305 240 989564383 241
833059050 215114 832922654 351510
797493862 198 954216660 199
833148648 125496 833072469 201675
92318185 615806 659496280 615807
832817507 796957 832822456 801906
61692846 399 938288304 400
833072806 201360 833022621 251545
759399041 823009 785614068 823010
231166088 615861 971126719 615862
298649492 325 181459561 326
214715567 329 363294263 330
106057313 615864 463722353 615865
434373058 269 402202791 270
935324512 60 802816761 61
271114947 615772 549066307 615773
248666291 615715 550738715 615716
720609636 376 282749000 377
397776437 335 34380114 336
268318487 717934 836247805 717935
83522932 42 840065551 43
321876915 136 716244138 137
987385652 717908 960212599 717909
611700148 419 727573528 420
313736816 615794 594978062 615795
734654719 439 995085570 440
132823984 48 94765787 49
212680306 615801 727705799 615802
833193738 80481 833041407 232812
885060529 371 128286723 372
711483346 615721 129934265 615722
832835991 746531 832835302 747220
490043349 615700 467123570 615701
832889024 624413 832885719 627718
486592371 615788 994093049 615789
833088368 185702 833076355 197715
525836937 615723 966246321 615724
832929494 344567 832695080 578981
713527328 615751 92608389 615752
970522251 717952 681684250 717953
833192597 81632 833136830 137399
179010214 465 43103973 466
567996346 112 609222128 113
715567017 615828 602364547 615829
202462896 193 195547998 194
608864565 615745 980346825 615746
599689757 717924 599282367 717925
832845901 667541 832829935 683507
282641212 615827 366318092 615828
92772839 257 959862030 258
485565050 56 202866538 57
567276693 615763 840704951 615764
439019870 615767 208235406 615768
243850818 615760 76035105 615761
600242192 615739 847382631 615740
993253452 312 517353615 313
217707474 326 669134766 327
913436775 224 438732905 225
7614034 451 865617241 452
260439610 173 380986192 174
156839113 615687 865398616 615688
856367876 287 320479439 288
815057723 233 866281150 234
832905005 369101 832850059 424047
554354169 615777 995459003 615778
333276608 111 27180789 112
898714341 436 507380184 437
109401137 353 137325835 354
997102516 717947 818669294 717948
833061405 212762 832817366 456801
833057674 216427 832869935 404166
96075541 615811 786150800 615812
833154639 119511 832831238 442912
770654833 398 366295326 399
833006768 267416 832990858 283326
160566843 478 155244985 479
833091630 182482 833060606 213506
514260188 258 36145018 259
262070715 14 254543542 15
205007741 104 393094759 105
420630267 268 239958550 269
832931906 342176 832744832 529250
384159143 315 156471331 316
828120346 97 579386661 98
629920773 410 187606842 411
863303382 615754 941775391 615755
757010252 400 962260731 401
366788929 12 626165749 13
832956445 317686 832929550 344581
4067028 92 318275987 93
386872483 108 404543007 109
466166022 40 100436528 41
118783668 302 587946209 303
634687375 615779 993562067 615780
57324231 615735 343946374 615736
546199772 84 720719015 85
107468635 27 149460757 28
455812341 107 347793342 108
718851172 615792 847399225 615793
924284867 277 785301661 278
415990402 615853 823566071 615854
399269333 615725 681563896 615726
144146404 245 412560051 246
490470158 122 31122756 123
757113244 120 5691680 121
644241988 349 29678926 350
208478113 615820 412501014 615821
648168291 276 813082450 277
92801132 420 366643070 421
833107337 166802 833102964 171175
828156625 131 382571555 132
564225705 427 904290034 428
832889988 384111 832888762 385337
948724794 615732 460059662 615733
833129279 144918 833097031 177166
734858172 717946 99338117 717947
879504913 130 535957579 131
833168173 106030 833088011 186192
789874492 615784 190470960 615785
610849978 362 678516969 363
900891687 250 396028843 251
553513117 88 107435897 89
341089727 615793 929880407 615794
428623794 67 823867541 68
130407117 814004 773402088 814005
133129636 339 677257304 340
108070878 615753 47535796 615754
832759534 514498 832746247 527785
687689441 355 842304013 356
952737181 182 44267418 183
667752595 313 800388520 314
832862809 650632 832830566 682875
643381460 19 221331810 20
674959384 208 405891324 209
223799115 615698 231699188 615699
832833542 748987 832821764 760765
385909605 433 689631024 434
465922046 615742 529306620 615743
130021443 110 926178892 111
766180640 255 774160858 256
745934426 717953 985212965 717954
833020851 253242 832909735 364358
418805655 615701 540245521 615702
757078918 386 616797321 387
832878437 634998 832870055 643380
490791325 393 760760898 394
833052842 221274 832965357 308759
766061674 615808 520532835 615809
866268314 126 257410704 127
833118106 156024 833070101 204029
277521442 408 172621996 409
479024573 615829 127555536 615830
832820615 816936 832818899 818652
196078461 155 107870089 156
663675112 615789 910375268 615790
750031032 384 199880690 385
624810217 615758 376987110 615759
603776419 615689 245569593 615690
990703991 464 562445144 465
135357932 7 833068552 8
437870628 333 880323614 334
217968933 615726 192721206 615727
298124820 732973 835533914 732974
312140729 160 427140470 161
833150447 123740 833053371 220816
833025258 248773 832953605 320426
833052711 221331 833048891 225151
833132545 141544 833076552 197537
261750996 615857 121672980 615858
832904642 369479 832874305 399816
833086446 187709 832922079 352076
904858952 615776 306047978 615777
316431634 615714 963703353 615715
623006185 152 128170356 153
577909369 615730 116750905 615731
150080716 234 369207465 235
118308883 380 974757849 381
833130755 143433 833098410 175778
554706924 356 324248989 357
832811581 791034 832811788 791241
765757437 314 146993767 315
265669560 202 148138488 203
763941664 205 541339641 206
926176042 117 103495023 118
833152545 121564 832936409 337700
832843910 738624 832843134 739400
442538907 615734 145582483 615735
33012886 50 926913170 51
140009355 406 437922455 407
833138545 135550 832763814 510281
150580974 80 22879561 81
595581189 309 235583767 310
833267545 6679 833004439 269785
166585879 301 864920385 302
996803764 615716 814045764 615717
732948049 76 601792824 77
833018053 256169 832901412 372810
401415283 477 640588771 478
242072690 28 686567335 29
902910136 239 932877025 240
111258202 263 968975674 264
663307450 188 843721223 189
597354515 327 127267736 328
435549849 377 625406513 378
919055932 342 641409928 343
833187826 86345 832962104 312067
185173082 26 890049246 27
698849741 179 20120592 180
497525319 24 116985678 25
31124808 717940 303405858 717941
32864806 717907 774798776 717908
850205842 814002 1410390 814003
833020654 253495 833003585 270564
793817558 615840 587747514 615841
565470149 154 976069213 155
315878653 615736 17076299 615737
117164376 113 210259916 114
833088722 185483 833088335 185870
210262100 717904 741056361 717905
833128038 146049 833119559 154528
168151297 615741 288721782 615742
342142623 25 97921314 26
18872632 206 150392716 207
833069507 204653 832977212 296948
500297741 278 244995025 279
591291124 444 814165496 445
52110327 717962 981423701 717963
126666078 615757 458783863 615758
791437661 615854 932079590 615855
586169271 78 571020435 79
833090545 183502 832949521 324526
953811271 304 230992183 305
853341871 615846 409024217 615847
833194247 79953 833127000 147200
779760358 717902 935589664 717903
916686755 717909 247987891 717910
29769697 615786 552666741 615787
193792911 165 499460908 166
440024739 615713 552080492 615714
833160672 113451 833158520 115603
341136881 156 725886272 157
781757323 717956 864345358 717957
832998601 275449 832883749 390301
563324832 468 369135559 469
658362194 615697 249144936 615698
648665618 363 656260960 364
482442629 83 361836879 84
832820174 821637 832821359 822822
726004918 615839 365729969 615840
832836968 676443 832802945 710466
118196908 717915 746257398 717916
833086284 187854 832798422 475716
149516965 615781 75146637 615782
739236906 121 506598681 122
399618764 249 447371573 250
316681816 90 544923574 91
280873080 195 257074766 196
467036235 146 768350136 147
833050995 223196 833045994 228197
832962698 311450 832875077 399071
874274914 717925 947812839 717926
855838311 369 204219796 370
281841468 320 593034732 321
833074540 199514 832967464 306590
594379982 22 622724844 23
128827293 717955 943334672 717956
56519674 717917 632156318 717918
833243294 30933 833032656 241571
832850524 662905 832826416 687013
549764995 615743 931873202 615744
496512326 379 769325148 380
532650568 271 678822801 272
662204973 221 127230438 222
252734943 167 708538289 168
13946262 243 30525331 244
670006716 300 374239358 301
7914456 414 927585022 415
248709734 232 879847517 233
833082180 191904 833072586 201498
365962017 429 244472097 430
530885609 166 585595451 167
833170687 103456 832828353 445790
833027944 246081 832977810 296215
450591598 368 322619693 369
447745279 285 328300332 286
678824526 207 668079762 208
833061347 212781 832894341 379787
606320302 270 881354796 271
344898543 147 273170867 148
799609588 153 52015005 154
928523070 361 238672707 362
423682868 47 504028912 48
826031525 86 824731732 87
250267874 36 447480750 37
833161428 112694 832836483 437639
994789923 383 781145013 384
878006170 178 490974177 179
765125019 717900 361770568 717901
643549072 440 281065582 441
266630853 615787 342239347 615788
832958712 315348 832738229 535831
833218370 55806 833053651 220525
94918049 200 971856042 201
832982080 291984 832875704 398360
961946827 615807 10904224 615808
833145736 128371 833139242 134865
430129900 324 381843909 325
292602985 615815 627484300 615816
833038828 235210 833023242 250796
832867487 645934 832866164 647257
87103162 615834 97119797 615835
833137883 136231 833120172 153942
583605901 472 306407927 473
350922391 615737 616392991 615738
916768450 299 808434076 300
833055334 218760 832951226 322868
832967636 306423 832710482 563577
843991185 717928 900314183 717929
110323532 615805 684973871 615806
90853852 6 833068551 7
235390007 475 19785122 476
891298262 148 385413951 149
800802842 615752 930172314 615753
910595938 447 372629415 448
640886812 463 599251798 464
833200330 73835 833188068 86097
337232235 615744 771267955 615745
390628207 41 481843792 42
572512116 220 856504364 221
833107214 166865 833010611 263468
988942954 615800 31852116 615801
647763646 38 357251275 39
950860884 81 976382974 82
788969817 190 211122638 191
447875888 615718 507079441 615719
286086707 5 833068550 6
95475186 272 211502262 273
476133452 717944 810094594 717945
281772118 192 187308837 193
184991148 1 833068546 2
917564839 615819 953682334 615820
833123545 150535 833080381 193699
281177136 416 836921124 417
833117545 156529 832936956 337118
832969404 304810 832889734 384480
423280023 615783 176584811 615784
740300726 615711 601024217 615712
533635839 717921 763094217 717922
356546392 158 498708749 159
525078517 144 415179948 145
145168448 615855 394854044 615856
20825542 10 833068555 11
832949558 324617 832934393 339782
833126536 147554 833120987 153103
720911772 293 214241711 294
213674490 615719 233482992 615720
832988896 285214 832982988 291122
833021649 252475 832765840 508284
316553304 615762 137286276 615763
157603474 615764 178818073 615765
5994053 164 476682878 165
1240500 615796 338325856 615797
832918934 355107 832891124 382917
410853960 64 21286480 65
123510235 336 56644211 337
833099950 174118 832862750 411318
568160358 364 107361301 365
833000499 273630 832766123 508006
832820491 824065 832818729 825827
721735880 615785 544589779 615786
832874567 638872 832868800 644639
833229646 44552 833097542 176656
833058685 215527 832956918 317294
568598818 305 744114596 306
931104456 394 20850180 395
129453225 615707 35418095 615708
832842390 671022 832822195 691217
865059042 615803 898468102 615804
737161188 462 363205303 463
633634104 403 873343189 404
41093691 237 635766105 238
873241903 470 43597277 471
118708533 100 760805337 101
241785902 615778 370217324 615779
833162323 111812 833130715 143420
841179631 20 679913316 21
680950739 262 127112350 263
849387980 443 124181778 444
833103176 171045 832960223 313998
204923535 717954 747887293 717955
941733275 615838 279723354 615839
776108449 159 794132005 160
833089596 184507 832814434 459669
673179992 114 971494119 115
153663148 53 736666253 54
833152688 121473 832915276 358885
833113073 161018 833107174 166917
200548550 163 658777191 164
153636256 350 483590699 351
762178244 94 993274720 95
673775109 128 124955367 129
148749179 732971 6196224 732972
797928316 175 718408384 176
307931802 214 602348041 215
833186179 87972 833184660 89491
754719224 461 732175698 462
833046117 228111 833015073 259155
26569990 615761 341547428 615762
725492025 615817 840321514 615818
832895616 617828 832890917 622527
68386229 449 157262641 450
573189951 615795 170846345 615796
833171207 102963 833053910 220260
833143299 130809 832968931 305177
546090141 140 734884162 141
987117239 307 652996860 308
833127963 146141 832997279 276825
52665482 171 887227569 172
143061328 717958 141080597 717959
832838669 743858 832827651 754876
477985219 615768 636404418 615769
904162426 45 590813485 46
833028570 245557 832961162 312965
834894104 203 172351627 204
914105317 201 444640872 202
788920932 142 610526133 143
695704571 345 421579748 346
833020019 254007 833001049 272977
283275670 476 733133529 477
529386246 337 331446097 338
288824858 432 848934872 433
856742815 615685 694684923 615686
695688505 57 282523633 58
839745812 615770 23644055 615771
832875314 638122 832870886 642550
571937719 615782 469362002 615783
674602024 252 21456807 253
567035257 181 750145780 182
833199563 74611 833168228 105946
832829558 722981 832829582 723005
430049626 615847 65454634 615848
44140882 615722 944655406 615723
977520338 615710 17968289 615711
689682977 382 652988807 383
138170408 125 823900688 126
11979478 374 708025138 375
435024800 291 157568722 292
832933995 340053 832906371 367677
154570143 615823 738627964 615824
761881078 615821 66125314 615822
72472079 717906 314063946 717907
832954476 319692 832803114 471054
208728708 69 56535551 70
653054173 212 569208405 213
286652520 49 882355640 50
833179942 94217 833099322 174837
833161322 112874 833039558 234638
814438617 378 976503115 379
635121035 318 960195003 319
832872545 640875 832822077 691343
25527080 71 592323786 72
646130377 118 79534228 119
160030639 199 130023310 200
855006619 471 251369731 472
113829836 615755 813366901 615756
637127143 615691 367881219 615692
27259208 229 288709146 230
939624179 615832 381279477 615833
660775844 717903 412985838 717904
648515999 717935 611143342 717936
36046404 717961 985820738 717962
833254545 19666 833238333 35878
832827060 755463 832823382 759141
411085019 717943 209132808 717944
264485263 204 193105131 205
591614782 365 141956459 366
834949447 387 7277376 388
833009405 264799 832998730 275474
946280321 170 507197539 171
922192243 116 538770596 117
440911486 15 865606545 16
260263412 615699 181920395 615700
136693147 323 420144415 324
832838141 744384 832828156 754369
833151997 122209 832906480 367726
833030717 243313 833019962 254068
832873399 640025 832849937 663487
770075125 615860 526030957 615861
832824586 757938 832823839 758685
691591409 254 50276283 255
833111634 162498 833071762 202370
539590963 615826 467017498 615827
11224501 123 695393000 124
739767882 615780 410964546 615781
118053546 296 543562153 297
832819000 782537 832818787 782750
658811938 311 769429965 312
593498993 413 424246462 414
466813367 615797 950409178 615798
833083545 190495 832869941 404099
926390834 360 503768748 361
833204001 70180 833067014 207167
832852777 421257 832807156 466878
832885545 627888 832849481 663952
833057085 217114 832965574 308625
934449974 191 556054384 192
74319084 183 882004555 184
194275424 717914 764823467 717915
828331310 438 498642035 439
833092935 181130 833085196 188869
833051368 222661 832972815 301214
832832475 725896 832837045 730466
682930155 389 867038920 390
833153896 120224 833136608 137512
832935970 338231 832844682 429519
705924825 717936 712596095 717937
926613133 615738 88387924 615739
832968056 306010 832828665 445401
977151087 615825 612449618 615826
503085032 409 626681719 410
431407580 388 189827907 389
845060058 196 983247883 197
833219343 54836 833187056 87123
833098867 175196 833087043 187020
833050444 223709 832964807 309346
669086400 141 483362135 142
687966028 367 378271234 368
815239324 615729 242335900 615730
3595540 151 851366602 152
172391945 430 866958698 431
37613050 358 968737033 359
651351396 373 635261604 374
213016752 228 352259159 229
324032475 223 339552082 224
661256617 101 801958832 102
103651061 615809 607169587 615810
833104791 169282 832931785 342288
442645586 253 716435497 254
832988625 285527 832963928 310224
832935562 338584 832924152 349994
833112507 161593 833021917 252183
832998159 275974 832985883 288250
832934085 340007 832903367 370725
832869224 644204 832857777 655651
832914356 359702 832716921 557137
833064855 209243 832944684 329414
448679267 717964 22205167 717965
94934301 615804 166446725 615805
663674918 411 380826142 412
218991633 294 258138804 295
15078066 265 674148559 266
176415171 717929 371022945 717930
520709468 405 338055334 406
866806215 717913 384795668 717914
324676031 264 344692062 265
833235252 38956 833109619 164589
833134838 139267 832933235 340870
760306148 615705 374123684 615706
832829060 722484 832832103 725527
892671927 717941 987777154 717942
832824925 449153 832813809 460269
751361342 68 27247949 69
833233545 40645 833180688 93502
976012303 292 732319912 293
565699104 157 998976442 158
632332491 74 848499633 75
496274655 615765 525945783 615766
832993885 280160 832758791 515254
489743755 466 304456875 467
37942315 330 660577713 331
832799421 713992 832798940 714473
662437460 717932 664008462 717933
833072536 201501 833025961 248076
863040970 236 243260966 237
825354351 390 789004617 391
7733638 31 315157839 32
211280916 184 10295379 185
571645507 396 73907518 397
832935873 338252 832769807 504318
775533007 34 166435415 35
833061473 212602 832944821 329254
832822177 815375 832820531 817021
825565272 99 535731896 100
312374855 284 548604574 285
832815545 794994 832818997 798446
703467674 615773 647887376 615774
904769404 43 342466492 44
705531136 615748 415651980 615749
832959157 314983 832822727 451413
822165579 717919 834334602 717920
832887276 386770 832864581 409465
924776000 421 333121148 422
266868703 717930 685585602 717931
833114328 159828 833086675 187481
805479369 297 95796368 298
833210492 63690 832962114 312068
858976679 124 814610504 125
653465876 448 610605052 449
906039318 251 573823053 252
833068605 205575 833066772 207408
108702490 230 304592917 231
833111079 163018 833107030 167067
249512276 615848 82962983 615849
890498330 186 785689677 187
833027289 246766 832872689 401366
767491185 615717 499859959 615718
930862119 132 705266636 133
575757934 282 897675264 283
982137118 261 111747262 262
275214220 717923 611625442 717924
833085475 188576 833084692 189359
918753110 317 775916893 318
95804232 135 743327476 136
396684248 338 638776554 339
55225189 85 128889584 86
635738162 615843 226342650 615844
832843820 738710 832816773 765757
643720619 615688 435976828 615689
379489987 172 752078903 173
153144261 357 552959099 358
832822980 759553 832820081 762452
833179764 94413 833111259 162918
833069194 204923 833051701 222416
577358927 615790 164154523 615791
832818633 763893 832817126 765400
832993027 281127 832910783 363371
832927375 346817 832892942 381250
966762609 332 334529719 333
536378346 615816 562007721 615817
311616691 615731 976052083 615732
93040319 717933 460515927 717934
94390289 452 512839481 453
53231863 95 558008119 96
494926191 138 488729186 139
353014268 275 402473736 276
462772350 149 963546290 150
231186568 215 538570141 216
538086727 51 82359716 52
361633891 615766 784357464 615767
506352024 143 73614626 144
832765336 508703 832711921 562118
833007446 266780 832941756 332470
832857434 655980 832841040 672374
901165875 423 601760027 424
39447117 109 796131056 110
963668480 615862 306367636 615863
833105835 168248 833025578 248505
685849786 717937 464039457 717938
832817127 796579 832819961 799413
98436469 615810 400216177 615811
540423692 359 197703839 360
791259931 615791 520242389 615792
832937942 336101 832764519 509524
857476342 615724 848916292 615725
832954342 319729 832854936 419135
222886366 9 833068554 10
832875475 398552 832748378 525649
90389408 222 106707971 223
193970725 354 387765707 355
596492871 717950 14690565 717951
830843081 402 658857422 403
832973127 300999 832903377 370749
833087186 187031 832870043 404174
658309936 391 774562851 392
274483744 273 950388958 274
833077092 197093 832998572 275613
980762136 395 208111086 396
11019658 615863 948444553 615864
870470076 44 264474493 45
833185753 88465 833134170 140048
199866106 288 280163788 289
833102477 171733 832915951 358259
789671845 161 396219998 162
384492540 615858 178308007 615859
833095048 179037 833093529 180556
775596054 717911 560814224 717912
571777475 79 40449944 80
762615507 129 168442419 130
133996157 194 827371659 195
324848432 209 209542919 210
972945684 295 878139674 296
833140106 134067 833098747 175426
288201654 437 798319824 438
629417117 267 779525188 268
833129545 144541 832854591 419495
85652880 98 222219082 99
511678561 62 828627728 63
832927352 346826 832901827 372351
969562356 29 95908897 30
459903461 72 750211721 73
606447426 30 64542597 31
300584954 615694 653407751 615695
632144810 615709 774575389 615710
833211107 63100 833086905 187302
951040974 139 340256720 140
794561755 615812 193008509 615813
932088003 615771 50340417 615772
275665902 446 964215929 447
94058850 4 833068549 5
833147458 126661 833059668 214451
316319029 162 463705040 163
414727244 424 119348221 425
972521881 473 559126214 474
403942964 242 591567009 243
832861131 652286 832817913 695504
933969427 225 583521939 226
691826027 298 54746116 299
833043813 230231 833034976 239068
509157498 21 21719853 22
57262618 615856 441883945 615857
932171171 35 334152644 36
76433966 615720 216281466 615721
448481661 213 918697168 214
563523292 134 202939008 135
997550655 615712 879526183 615713
832995110 278939 832916542 357507
591519175 66 495961977 67
809021413 227 213241604 228
832940941 333111 832760757 513295
832814271 787265 832813472 788064
304452141 460 434852212 461
832835469 677947 832834134 679282
432153696 231 576089908 232
964758839 615706 145642371 615707
833076643 197393 833000796 273240
664015505 55 926742740 56
832868603 644824 832813481 699946
427367152 176 546458653 177
538956145 13 605904859 14
685259078 137 393751618 138
863749838 467 676670750 468
833162408 111754 832943825 330337
830150010 474 468807796 475
833027044 246989 833021920 252113
756252103 397 149992457 398
759591736 615749 498426405 615750
410069393 340 364367895 341
573563702 717927 53330178 717928
