612402382 715906705 1000
612265530 653546 612236346 682730
612330382 328501 612211096 447787
612279518 379374 612252923 405969
612426348 232634 612411626 247356
612183028 736078 612091093 828013
205378309 419 807296480 420
843853240 326 525419661 327
612115482 971713 612075598 1011597
200378839 408 109281135 409
612080469 1136970 612114522 1171023
612410382 67431 612364430 113383
925055503 46 612402428 47
612181647 737385 612049106 869926
612057168 1074633 612061922 1079387
612086574 1436789 612085842 1437521
858472273 103 612402485 104
536099966 1461997 588494135 1461998
884295619 41 612402423 42
612425452 52411 612347579 130284
939850555 11 612402393 12
754596022 137 612402519 138
612334321 143502 612299589 178234
612093870 1276436 612085593 1284713
612397382 261568 612295609 363341
612349100 570017 612348679 570438
234452862 149 79383108 150
871921996 52 612402434 53
612125975 1244349 612119926 1250398
744759282 139 612402521 140
612367213 110630 612351606 126237
612192797 726246 612133452 785591
612348092 310812 612344774 314130
612095599 1317742 612095457 1317884
612334877 142970 612307206 170641
612439527 38340 612403947 73920
134185986 355 871611307 356
612384434 93385 612334982 142837
612062333 1369923 612084827 1392417
612414673 63172 612359754 118091
939250477 57 612402439 58
612157739 761294 612009861 909172
612422376 55472 612363128 114720
612383925 93945 612334749 143121
612387543 271398 612386541 272400
612219284 699717 612183905 735096
460422993 258 894540648 259
813689403 951760 105113464 951761
612323724 335198 612208824 450098
612297157 621916 612217734 701339
746262667 112 612402494 113
612108251 1207772 612123416 1222937
778503543 133 612402515 134
612069361 1017835 612065153 1022043
422976849 329 266777464 330
110433951 311 357188930 312
825174417 385 359141927 386
975473208 114 612402496 115
758173854 141 612402523 142
612298248 360725 612249890 409083
612133817 1236505 612127585 1242737
612082596 1004589 612081820 1005365
969409858 42 612402424 43
612064426 1372013 612096085 1403672
500946445 291 303061327 292
821029152 85 612402467 86
154383954 951765 714316886 951766
612089677 1397255 612106725 1414303
830574298 132 612402514 133
550721975 259 950286064 260
612072182 1014996 612072114 1015064
612433382 44454 612345590 132246
733776470 27 612402409 28
143399370 380 78094725 381
612058299 1028881 612043017 1044163
49800301 1098870 464440915 1098871
972989136 14 612402396 15
612290221 368707 612268536 390392
612217927 701066 612215222 703771
884081059 134 612402516 135
483964239 951779 180293173 951780
787046109 156 574814915 157
612092677 1430690 612084666 1438701
748205134 196 720237937 197
310713407 276 252465666 277
612173443 745609 612131308 787744
872889057 951753 113753577 951754
889237226 68 612402450 69
923795216 67 612402449 68
606797922 240 373228387 241
612091382 1190909 612113189 1212716
17609490 320 952505946 321
531656069 211 966486309 212
612369720 289254 612311656 347318
612134968 523916 612129516 529368
612191390 467496 612188500 470386
841162559 238 862258105 239
612359198 299714 612164936 493976
612374985 283946 612296929 362002
110922421 354 830026140 355
860782108 117 612402499 118
612081711 1138214 612110874 1167377
612068083 1085541 612071532 1088990
612330964 588152 612330658 588458
612088125 830886 612028458 890553
612276359 642756 612222326 696789
612079344 1460956 612079477 1461089
976687287 271 771792739 272
939219010 28 612402410 29
612258731 660306 612220264 698773
612109880 1260429 612106485 1263824
612294083 364817 612229717 429183
900015097 81 612402463 82
652430495 951769 299302426 951770
612065246 1082703 612065526 1082983
344519566 417 177178680 418
107151389 176 104871771 177
671502155 173 299045030 174
212913426 331 311063638 332
979997993 47 612402429 48
944211974 135 612402517 136
833718586 302 338693866 303
612314382 604697 612274133 644946
275428085 275 116247478 276
462944106 152 503293174 153
870099420 197 481072940 198
739665275 951780 550892969 951781
295763489 1098858 940884851 1098859
970794830 70 612402452 71
612204541 714489 612187853 731177
466124167 1098865 387133628 1098866
579565141 1461996 675417639 1461997
891544009 87 612402469 88
550963199 413 78471914 414
612062249 1118766 612066561 1123078
612440427 37417 612414680 63164
622421767 406 635762015 407
612054120 1361718 612078146 1385744
612272514 646536 612238863 680187
612416214 61650 612402091 75773
216688098 337 591678823 338
741084810 125 612402507 126
612097739 1197268 612098140 1197669
959183263 332 782631360 333
156990901 158 312894538 159
612069407 1017776 612045190 1041993
612134028 1236295 612103376 1266947
612053456 865585 612049462 869579
612277882 381037 612204298 454621
782170605 130 612402512 131
848952259 177 519289670 178
612135680 783314 612100623 818371
612457703 20171 612403995 73879
612070314 1377909 612088739 1396334
612101302 1269023 612086761 1283564
612001649 917346 611980280 938715
822553185 96 612402478 97
612124172 1246149 612120004 1250317
612078221 1464167 612077835 1464553
779942078 124 612402506 125
784506192 16 612402398 17
882229073 239 606257523 240
612287166 631947 612247917 671196
307914837 192 810022773 193
178952215 391 204614907 392
612395352 82455 612274440 203367
612088581 1324753 612088277 1325057
612089777 997410 612083797 1003390
107447442 414 299661449 415
31066996 360 84778134 361
612256603 402346 612207061 451888
943828188 44 612402426 45
612088774 830287 612062756 856305
253224257 310 325959766 311
402921020 220 927378460 221
612092981 1192515 612103342 1202876
612375777 283184 612331787 327174
612081927 1005284 612068784 1018427
612087905 1187437 612112334 1211866
612074280 1012926 612062053 1025153
612116267 970932 612068344 1018855
612299068 359916 612284326 374658
742347428 119 612402501 120
813033198 108 612402490 109
782688094 295 600520114 296
612100585 818457 612071909 847133
336264179 1065835 294254605 1065836
612119966 799129 612077984 841111
612218876 547102 612225479 553705
612052907 1360504 612064173 1371770
632971561 281 206790033 282
612077432 841574 611987639 931367
758034986 207 807582939 208
934582445 1098862 331486800 1098863
612225116 553338 612227369 555591
612388530 89302 612323815 154017
612089044 1145541 612092211 1148708
612060606 1368195 612085411 1393000
794699852 216 887204502 217
933360935 951787 819743218 951788
612446382 31467 612342077 135772
185085019 951782 800211753 951783
612060571 1117087 612099330 1155846
974790358 402 284283181 403
612369984 107832 612341873 135943
612249166 669905 612200205 718866
612132255 1238072 612124523 1245804
612415001 62870 612401937 75934
628629227 951767 755461763 951768
733745294 86 612402468 87
224279636 261 240497740 262
612399453 259530 612398116 260867
772800686 335 229002650 336
612118263 1252047 612099455 1270855
612008956 910071 612007248 911779
612073436 1381030 612092343 1399937
745710478 22 612402404 23
929277561 128 612402510 129
163382921 394 591473451 395
612079116 1135618 612109708 1166210
61256325 951740 697899565 951741
672060281 172 391676751 173
612332417 326485 612256813 402089
810637831 389 417277308 390
612304718 173091 612278167 199642
612417813 60025 612412192 65646
612412913 64907 612409396 68424
612367606 291360 612307790 351176
860595123 405 470395618 406
612238929 680145 612176809 742265
612086546 1326787 612083744 1329589
356338361 145 502801591 146
612113913 973287 612105799 981401
474065625 341 498692641 342
612333585 325333 612272518 386400
612119007 968196 612101824 985379
612324961 594142 612287386 631717
612398687 79140 612351332 126495
557602504 1098871 869879261 1098872
86718769 321 250472828 322
153820630 951764 258291682 951765
278381358 184 100461135 185
517031844 409 693906237 410
612347761 311149 612281745 377165
612352091 306822 612342678 316235
116289081 951762 49355260 951763
269914599 352 496640037 353
824179375 51 612402433 52
758529319 267 274713599 268
612133480 1236840 612118480 1251840
612318181 600911 612250447 668645
612349382 569732 612112403 806711
612169017 750003 612031235 887785
612373382 285544 612314874 344052
612321701 337198 612217210 441689
612228936 690081 612224289 694728
612325763 593342 612140502 778603
612407357 251605 612392784 266178
907735901 12 612402394 13
737771295 91 612402473 92
790127378 277 575142686 278
612133395 785658 612089903 829150
538962107 370 300255841 371
612355681 303258 612325504 333435
232985411 170 36576346 171
848940033 398 966640993 399
612406219 71632 612336349 141502
612245382 673628 612109828 809182
121315367 344 200384438 345
922787038 951788 355823608 951789
612348773 310152 612317324 341601
620807727 274 108083392 275
612323611 335270 612295081 363800
886304707 77 612402459 78
820912053 34 612402416 35
612066660 1374251 612082176 1389767
612449382 28470 612302960 174892
612272721 646367 612093437 825651
85978505 305 576446661 306
517272143 1098861 843261537 1098862
857228076 31 612402413 32
612387395 90444 612306959 170880
988480076 99 612402481 100
612076998 1384583 612098772 1406357
921716223 43 612402425 44
612059812 1116324 612094616 1151128
629747456 951744 140520345 951745
900671098 393 879433704 394
611480007 250 939912272 251
332451515 1098856 394074723 1098857
106967309 350 323180445 351
612404370 73455 612404073 73752
956106700 19 612402401 20
612068822 1376404 612083584 1391166
785518073 138 612402520 139
612061358 1117868 612071831 1128341
612186803 732210 612073275 845738
612286239 632816 612261103 657952
845866923 951745 26108270 951746
885552848 288 676681239 289
612115221 1255105 612097390 1272936
880861759 181 386406433 182
612131382 1238935 612089127 1281190
612052182 1069648 612061275 1078741
726837746 390 484823144 391
612102548 984659 612057326 1029881
481573936 361 699884386 362
212734373 150 675508428 151
948011536 382 456580059 383
327350521 234 878031541 235
833721128 122 612402504 123
504093786 165 895866083 166
612451382 26472 612310959 166895
732172035 118 612402500 119
883522605 229 770595774 230
726304643 13 612402395 14
612385520 92352 612382149 95723
612395170 82686 612371718 106138
612062295 1118808 612069065 1125578
612320885 338061 612317618 341328
343906960 195 40141439 196
612080290 1333039 612067571 1345758
258648807 242 527832117 243
647378138 287 62589940 288
383311057 160 330123671 161
739711881 73 612402455 74
179284180 285 697775250 286
770200067 39 612402421 40
794206641 10 612402392 11
546753649 420 519058166 421
834403675 127 612402509 128
612318500 340389 612316412 342477
612275581 643477 612241146 677912
340282611 386 553001748 387
612234283 684717 612184557 734443
232691720 371 581637815 372
612412986 64847 612411393 66440
612168823 750192 612031029 887986
612070075 1126586 612083058 1139569
943160495 401 2095950 402
666483863 198 974389190 199
182477175 225 119866239 226
612254840 404047 612215699 443188
612327196 331739 612284615 374320
612248021 671007 612152210 766818
612090693 1322642 612083591 1329744
907907584 102 612402484 103
870694898 1098863 247207002 1098864
139039935 1098866 185223590 1098867
839893778 203 876032396 204
756668150 71 612402453 72
882257956 35 612402417 36
781139833 59 612402441 60
324359604 951749 381001278 951750
531337481 241 831457362 242
969177097 37 612402419 38
612399530 259450 612358338 300642
612311393 347498 612233476 425415
43001633 1065832 15948930 1065833
612215723 703275 612148538 770460
612278015 641072 612261367 657720
612093348 993828 612090327 996849
512739866 318 853884083 319
732962475 69 612402451 70
716915977 120 612402502 121
612411179 66682 612406411 71450
733777147 951742 267583030 951743
612059639 1077100 612074898 1092359
926837249 140 612402522 141
803608053 5 612402387 6
612084633 1002553 612068641 1018545
612057105 1074568 612061863 1079326
942965129 82 612402464 83
612142532 776480 612133945 785067
612458151 19725 612445078 32798
612195814 723215 612046280 872749
612296053 623017 612238248 680822
612296298 622801 612234576 684523
612090382 1189910 612104822 1204350
284879053 143 331919130 144
296147722 373 313095283 374
530383157 168 653673222 169
150058790 951791 957556181 951792
61596288 269 634793314 270
612088404 1434967 612078612 1444759
517972595 253 802336987 254
597580752 1098853 448469025 1098854
612074254 1012935 612061645 1025544
702135505 294 97785791 295
99163537 313 845998623 314
929660353 75 612402457 76
612143979 775025 612105990 813014
145372225 374 192183170 375
909759939 101 612402483 102
833041963 303 148182922 304
627324152 319 659444394 320
482140008 226 608757718 227
665794684 381 952213805 382
612359761 299153 612356738 302176
16453958 351 57049690 352
972487503 56 612402438 57
999092294 38 612402420 39
612315503 603616 612167695 751424
612062239 1079698 612064305 1081764
612407756 70084 612397618 80222
612341382 317512 612135084 523810
612088213 1435160 612085460 1437913
694002328 951784 590048892 951785
612427693 50167 612325722 152138
543466703 157 83799259 158
142515616 395 191312171 396
823614720 49 612402431 50
630488382 223 301437915 224
612372808 105027 612315373 162462
612335009 323889 612308127 350771
276069565 280 286694102 281
845495153 9 612402391 10
612079035 1135542 612101124 1157631
955615684 1462004 995555441 1462005
714960807 951768 128282580 951769
612069686 1126190 612097772 1154276
211440298 215 555670304 216
612106230 1264070 612102401 1267899
612066824 1374407 612092256 1399839
612418565 59259 612366565 111259
612063257 1080717 612066457 1083917
938955150 383 840751739 384
612091348 995829 612083873 1003304
612175511 743496 612027590 891417
612093586 1319752 612089098 1324240
772707506 951743 207990212 951744
802395027 199 919969056 200
834308014 951751 695175088 951752
608619501 162 232243635 163
612324229 594865 612322810 596284
855337498 29 612402411 30
612152728 260 234522758 261
612388324 270646 612381724 277246
612343009 315963 612330758 328214
668643708 255 496160051 256
117287941 175 609114211 176
612407164 70665 612371103 106726
612428610 49227 612317980 159857
612351547 307395 612190463 468479
612094319 1429051 612090913 1432457
612096823 990358 612056416 1030765
995280163 105 612402487 106
348996134 201 121486333 202
777608127 121 612402503 122
612305597 353291 612279583 379305
105189195 209 538678815 210
612228250 690819 612208267 710802
612088632 1324708 612080027 1333313
778231813 65 612402447 66
739600357 1065836 744943477 1065837
338840644 951757 113098852 951758
938400486 24 612402406 25
612095890 1152382 612114991 1171483
892530259 290 377335151 291
612204070 454864 612185095 473839
612096651 1273651 612078036 1292266
100810612 358 812659452 359
612304733 614377 612186487 732623
602820781 272 560396510 273
777195939 66 612402448 67
649069381 214 509890191 215
612340734 318175 612314635 344274
958787202 378 238834983 379
963166935 79 612402461 80
941834792 396 103046510 397
612408844 69018 612372927 104935
943303428 8 612402390 9
612375991 282966 612321197 337760
612340382 318511 612248900 409993
537131265 293 862116101 294
612336646 322318 612212664 446300
10106034 230 793544042 231
612086972 1436393 612074956 1448409
612083104 1390688 612098774 1406358
915060653 183 997485338 184
682432710 1098852 262719306 1098853
612228302 690757 612220196 698863
444377395 286 639889712 287
107898787 376 490041910 377
891539876 186 424203969 187
801614791 62 612402444 63
612222232 696787 612200415 718604
612110791 976403 612061594 1025600
612074282 1130790 612093644 1150152
719414502 40 612402422 41
961188532 55 612402437 56
780339640 90 612402472 91
811248276 1098854 510725877 1098855
512018549 297 270976085 298
612240307 418573 612131215 527665
612102697 984485 612101535 985647
612061835 1369427 612074298 1381890
612471113 6762 612469325 8550
612102651 984540 612101556 985635
81014070 343 21591658 344
960390433 364 528627948 365
971956893 221 500502141 222
612390509 268442 612203394 455557
812912643 1462003 280619733 1462004
612252389 666629 612237063 681955
165315445 202 258231779 203
759216395 236 502438585 237
612312190 606890 612148847 770233
872137696 131 612402513 132
612188048 730955 612137109 781894
612444504 33351 612438240 39615
146795446 353 798774358 354
585939635 951741 643266136 951742
580146271 292 317662636 293
612115936 1254378 612092077 1278237
797938366 178 349279768 179
750263213 84 612402466 85
904435216 1098864 803510110 1098865
612094031 1429335 612086803 1436563
612095382 1317957 612087446 1325893
367138119 400 396759171 401
612117687 969518 612091522 995683
612381766 277205 612351363 307608
612226920 692094 612185863 733151
456943857 151 319268515 152
612320874 156947 612271231 206590
612066251 1122770 612094584 1151103
612077977 1292322 612063801 1306498
753625625 224 421536063 225
612443107 34772 612430336 47543
41021751 278 341425041 279
612369145 108665 612330046 147764
612247702 671416 612201522 717596
592174580 407 446445868 408
612227821 691175 612156272 762724
612116125 971076 612108037 979164
942272766 179 657834862 180
612358131 300821 612352929 306023
612404323 73523 612362913 114933
612354718 304242 612347206 311754
612130812 956400 612122672 964540
612070284 1126802 612071251 1127769
134617790 1098872 254126156 1098873
975595090 72 612402454 73
612462122 15751 612418014 59859
982933156 23 612402405 24
869079334 111 612402493 112
716059250 951747 238844495 951748
432200902 951759 295852813 951760
612312631 346280 612222353 436558
266573604 951785 686099749 951786
959534990 951773 432983505 951774
612249420 669624 612217634 701410
587756916 222 156651034 223
612248884 670140 612239283 679741
982145679 7 612402389 8
869306735 415 277644132 416
654123168 304 350258038 305
357581985 147 316254872 148
919548339 144 274066114 145
791076437 123 612402505 124
163591984 188 123937369 189
612088211 1435163 612082591 1440783
612355625 303320 612339038 319907
612389094 269873 612369290 289677
103599867 951776 728088753 951777
168253734 248 279185969 249
612085382 1184915 612104865 1204398
612266382 652649 612237344 681687
811876850 951748 510557570 951749
612109245 1208768 612123186 1222709
304218006 1065833 64257360 1065834
612106925 980272 612090225 996972
364193948 404 100210293 405
824513235 45 612402427 46
612252527 666498 612238565 680460
5317988 264 863133044 265
989669933 18 612402400 19
54171595 262 995088416 263
612408710 69132 612343633 134209
612227414 431483 612139032 519865
612181969 737113 612096653 822429
579275993 316 62528343 317
612116300 802764 612066582 852482
851797709 397 213336265 398
706398813 174 183485714 175
6444353 372 752421304 373
612334665 324300 612266076 392889
671740601 243 43315565 244
612400750 77067 612400529 77288
612314968 604118 612263253 655833
612435787 42070 612428988 48869
498437077 367 309923416 368
612055163 1111672 612061038 1117547
556726435 951761 755350824 951762
612347294 311659 612219698 439255
111556820 308 193758543 309
955372041 237 176534959 238
612081331 1137830 612101646 1158145
628293176 411 77453053 412
612076831 1467558 612076629 1467760
18820494 161 328502854 162
612078456 1457919 612078330 1458045
612251357 667678 612247527 671508
833076324 163 277141097 164
887675692 249 134220429 250
612104452 982732 612102752 984432
227477024 185 700847887 186
612383836 275102 612374157 284781
499057186 951746 222623037 951747
612343397 134417 612338287 139527
910381353 107 612402489 108
684015646 346 760797658 347
612096031 991171 612073843 1013359
925006760 4 612402386 5
612257382 661640 612113541 805481
417751913 362 872305 363
612087953 1282348 612083891 1286410
612089152 1324185 612087956 1325381
612070318 1126823 612103607 1160112
612208550 710452 612105082 813920
739673784 368 438114338 369
58985419 951772 637268451 951773
612069984 1087440 612080915 1098371
740676705 129 612402511 130
92602085 951781 106991168 951782
813952878 15 612402397 16
612059003 1076467 612065489 1082953
450122619 148 553963568 149
612385521 273464 612383032 275953
503722783 1461995 716636626 1461996
4402275 1098850 43373489 1098851
612360780 117038 612336938 140880
457996123 1098851 170425162 1098852
306215900 228 847540259 229
612358126 300801 612228298 430629
221368740 213 100179961 214
599785984 387 765948928 388
612321657 337287 612275426 383518
612290982 367903 612232810 426075
612091067 1147565 612110086 1166584
999523166 100 612402482 101
612228748 430184 612200488 458444
769271660 3 612402385 4
663310937 200 468028256 201
612287953 371006 612234418 424541
612234086 684923 612094662 824347
69163664 951790 821771136 951791
821592234 64 612402446 65
612062307 1369900 612068151 1375744
612234382 684617 612002207 916792
900913003 1 612402383 2
61266022 349 702771975 350
612252738 666307 612208466 710579
612341597 577515 612340872 578240
612446871 30995 612414263 63603
446530984 205 267974364 206
391448192 366 19260742 367
612081157 1137651 612107063 1163557
612400372 77459 612384962 92869
492503733 169 156621622 170
824335141 1098860 529545494 1098861
384491477 1098857 953898633 1098858
341985993 377 167001536 378
734442143 36 612402418 37
811796497 89 612402471 90
612070062 1126558 612075063 1131559
811406159 210 925268888 211
612251428 667595 612218985 700038
612089846 1146339 612108358 1164851
612418989 239988 612347459 311518
612071770 1128270 612105817 1162317
788680006 317 228627910 318
612242248 676849 612108582 810515
612107041 1206561 612107648 1207168
612056235 1363831 612079040 1386636
405648598 235 796926470 236
612407782 70040 612347670 130152
612437942 39899 612378143 99698
25493873 204 898395082 205
612252161 666860 612170478 748543
612162604 756443 612096376 822671
612390382 268561 612370948 287995
612091236 1147731 612100710 1157205
912456425 104 612402486 105
474953013 336 32845923 337
612084858 1328474 612084094 1329238
612282003 637082 612089303 829782
612199818 719286 612100687 818417
612077759 1385340 612102184 1409765
741775326 26 612402408 27
612296639 362269 612276628 382280
287740773 951777 217130337 951778
612416813 61021 612359480 118354
811027007 171 853903965 172
612056463 1112969 612084779 1141285
612393886 265092 612317811 341167
612191495 727594 612181553 737536
612256717 662367 612201645 717439
612109364 1260939 612104906 1265397
921293746 348 519772163 349
789468892 60 612402442 61
612316352 602738 612123149 795941
880030440 116 612402498 117
612051191 1107706 612072653 1129168
612290749 628311 612154012 765048
959982401 334 625553953 335
242811422 256 537921554 257
612427065 50794 612329326 148533
612086418 1436954 612083281 1440091
612077208 1469182 612075908 1470482
612077337 1009842 612076740 1010439
612073353 1339975 612069751 1343577
612325038 333877 612287240 371675
612049720 1037470 612044286 1042904
972584132 375 419381769 376
612324280 334650 612256872 402058
612299321 619788 612264536 654573
612281382 637664 612135665 783381
763415331 106 612402488 107
612095157 1275151 612085875 1284433
612238204 680858 612224399 694663
2714297 323 494019404 324
612242464 676572 612156208 762828
863755744 21 612402403 22
612404863 72945 612384619 93189
340368939 392 680539237 393
612206493 712579 612065930 853142
241656471 265 708628109 266
885080986 1462000 150576604 1462001
418714036 273 865143010 274
612204033 454903 612183049 475887
57365451 324 11621094 325
36866928 951771 815674731 951772
612323351 335572 612247701 411222
807053509 30 612402412 31
965811266 951756 207049078 951757
931830155 282 836415134 283
612173137 745860 612067131 851866
612127175 1243140 612089784 1280531
612226703 692364 612103892 815175
69995290 951789 184234409 951790
612273136 645902 612186485 732553
612229187 689888 612222219 696856
646188995 314 582752904 315
612187973 731108 612125538 793543
612471610 6267 612470306 7571
887025531 299 898736939 300
899101669 951755 126990624 951756
612349461 309494 612209835 449120
163018287 379 491937805 380
959159708 951775 729760688 951776
612125382 961822 612086147 1001057
942317856 126 612402508 127
612116774 1253530 612116154 1254150
612072354 1379940 612073779 1381365
612411663 247305 612355270 303698
42179028 951778 911663145 951779
612283668 635383 612275028 644023
913769347 359 18975092 360
612094699 992493 612062738 1024454
612118602 1251705 612074967 1295340
999429560 191 450731446 192
638996052 155 495602168 156
952786673 325 420835178 326
697506782 421 601531920 422
612134382 952831 612065950 1021263
776511908 78 612402460 79
865746332 6 612402388 7
15531641 412 573229913 413
612217540 545767 612220562 548789
746666855 190 438111855 191
736657778 206 442231905 207
612181753 737281 612158227 760807
612116887 1253431 612113604 1256714
421036824 166 447971960 167
967087918 33 612402415 34
685664221 951766 416704174 951767
612335989 322932 612182031 476890
612096380 990828 612060885 1026323
662179159 307 904320307 308
612331509 327420 612316845 342084
485746748 218 598546577 219
990858196 384 970198156 385
998319829 340 885846410 341
612342136 316771 612322433 336474
874736937 61 612402443 62
562096508 347 815080665 348
74962319 1461999 596709650 1462000
612329382 329500 612269810 389072
612103815 1203337 612114815 1214337
612222490 550713 612226795 555018
353181026 245 97110239 246
912785237 194 410709598 195
612422382 236593 612255359 403616
612086865 1326466 612083651 1329680
612077209 1293103 612074587 1295725
612290949 628114 612137859 781204
612092049 1191579 612098539 1198069
612385756 92074 612351716 126114
984770250 113 612402495 114
982488575 338 29212312 339
612076029 1337301 612068864 1344466
612213130 705862 612178426 740566
927760176 50 612402432 51
612386848 90957 612378248 99557
167952551 365 936376189 366
180329937 410 794332818 411
612394616 264342 612380331 278627
612073447 1296864 612071923 1298388
612240731 678376 612227133 691974
667947583 217 962656605 218
612330084 589012 612329023 590073
612428886 48979 612344744 133121
986314435 97 612402479 98
612079202 1444162 612068446 1454918
579492583 300 802379849 301
272311981 298 275919873 299
612450915 26943 612399263 78595
202992676 951754 188705140 951755
612115445 1254868 612101130 1269183
612409252 68560 612283849 193963
885625680 146 253338293 147
604206492 312 499514681 313
612336289 322607 612335044 323852
612311184 347749 612207551 451382
347583647 951763 789230505 951764
762176645 339 227742388 340
34097493 164 944464948 165
881008257 63 612402445 64
612380028 278935 612368824 290139
612454919 22959 612450172 27706
612357780 301157 612342906 316031
612079627 1387206 612104201 1411780
942635237 93 612402475 94
3328703 187 139876281 188
11813689 153 473988593 154
612109382 977806 612056561 1030627
612305630 613491 612279986 639135
502826731 1098855 721681737 1098856
976468261 270 930582172 271
751807637 76 612402458 77
760145352 80 612402462 81
612338921 320058 612316249 342730
612324036 334881 612278332 380585
612381885 277091 612339250 319726
706548498 1098869 535437261 1098870
612311917 346989 612303692 355214
915981982 244 22694150 245
476849874 208 947766406 209
612064384 1120898 612075540 1132054
612096083 1195608 612115025 1214550
992874432 356 438221579 357
166339668 333 130429182 334
612140549 778529 612091465 827613
287129402 266 768968570 267
397810846 189 671034217 190
852087209 54 612402436 55
612282779 636332 612105437 813674
912453241 403 277419715 404
745364539 25 612402407 26
676170021 246 297350281 247
524617656 233 439479368 234
723995383 109 612402491 110
612363645 114183 612361768 116060
402185437 327 223369617 328
612308634 610474 612129725 789383
302516262 154 896797036 155
842894604 263 281122114 264
189285417 296 941242746 297
612358155 300792 612197861 461086
612093976 1429393 612082628 1440741
917861379 136 612402518 137
612243224 415692 612207134 451782
612379876 279093 612256640 402329
772161808 227 570221688 228
612097216 1196747 612108026 1207557
612119382 967816 612046239 1040959
891201237 32 612402414 33
612105253 1204777 612123774 1223298
612333801 325139 612220541 438399
782065321 88 612402470 89
612279659 379261 612267946 390974
612206741 712325 612201457 717609
612232796 686272 612064764 854304
30232158 251 247355969 252
294251894 301 805575193 302
612326060 332830 612271620 387270
508345605 247 607312600 248
367738078 289 978449702 290
758930659 48 612402430 49
694596091 284 800469220 285
97743559 193 37346395 194
557170283 951792 247290231 951793
511812065 180 446970034 181
612310644 608433 612250438 668639
250874134 1098849 194653827 1098850
798714809 17 612402399 18
612397500 80306 612394639 83167
612109344 1260972 612089822 1280494
172090475 279 477628827 280
612442838 35012 612438487 39363
612335382 583718 612153508 765592
612122103 965106 612097794 989415
585716709 167 69185336 168
670096054 363 789372532 364
612442093 35775 612363597 114271
669464221 182 885120188 183
612222597 550822 612229436 557661
878440429 74 612402456 75
612241153 677940 612086148 832945
612296634 622464 612259179 659919
612245461 673578 612239952 679087
845648886 212 507775839 213
298417815 345 140426062 346
612104771 1265534 612092273 1278032
79049896 268 889950169 269
876789587 115 612402497 116
910849082 83 612402465 84
612225410 693710 612128800 790320
978282470 330 869152349 331
612288034 370861 612277095 381800
612173000 746091 612088920 830171
612101121 1200647 612113431 1212957
612052388 866617 612036773 882232
304336335 1462002 597596155 1462003
731913443 94 612402476 95
685506473 322 787799305 323
664386173 951750 590621537 951751
612337382 581720 612317934 601168
799838556 357 228942448 358
844676926 951783 121463335 951784
42005109 388 898289144 389
817018083 254 995866958 255
49833407 951774 476898059 951775
492375393 306 42320389 307
158866023 951770 619557728 951771
267239418 951786 8646068 951787
612222649 550873 612230589 558813
612224018 434930 612206585 452363
612340389 318535 612287006 371918
620539754 416 634785286 417
43166846 399 727472094 400
404572947 159 792621084 160
16474650 283 341472218 284
612396483 81332 612327646 150169
612449982 27871 612446297 31556
612350328 308577 612347142 311763
740316712 219 424133303 220
612458726 19143 612380189 97680
612335109 323847 612195763 463193
612114382 972811 612047709 1039484
612414165 244816 612365062 293919
45815021 252 919562189 253
916018645 110 612402492 111
612086722 1436646 612082820 1440548
612139559 779449 612016932 902076
326777125 315 733830047 316
536205117 231 225120076 232
612083768 1329568 612075396 1337940
612284382 634667 612265218 653831
250070917 342 627586616 343
612275081 643959 612254927 664113
614941415 951752 118282107 951753
731874552 98 612402480 99
612407422 70389 612372574 105237
756446309 1098868 720948167 1098869
935880810 1098867 9227662 1098868
612270885 388069 612249575 409379
612205259 713767 612038815 880211
612267731 651352 612244464 674619
612311921 346982 612179584 479319
896367079 257 181047892 258
612169020 749996 612029256 889760
56165169 328 546337671 329
612218050 700998 612111951 807097
612239292 679773 612173331 745734
791362723 418 673897139 419
612126509 1243810 612116761 1253558
612087258 1394838 612090544 1398124
612060855 1078317 612074705 1092167
921635424 53 612402435 54
612278688 640369 612258626 660431
612067640 1019570 612062624 1024586
612348382 310519 612274301 384600
801921838 92 612402474 93
612260837 658264 612195488 723613
732455225 95 612402477 96
197138775 1065834 260031455 1065835
267952786 951758 69495618 951759
655603748 1098859 287328978 1098860
902081521 369 588714300 370
974057333 2 612402384 3
612267238 651816 612255385 663669
716021567 58 612402440 59
612373331 104495 612294247 183579
899102994 20 612402402 21
612076829 1384417 612098147 1405735
909422210 232 233598394 233
612280330 638726 612132663 786393
739812003 309 928646569 310
