1 999999999 100
585239689 225095 416862745 225096
665869626 146191 665891540 168105
665814480 8019 665848459 41998
665868541 145101 665888298 164858
319308335 225098 438065042 225099
665867905 144476 665875222 151793
665852044 82590 665860989 91535
795397781 204079 927237247 204080
665830137 23665 665847248 40776
665855549 132123 665867304 143878
665885002 161569 665903171 179738
352232769 204070 802490838 204071
665829380 22906 665840091 33617
665892417 222028 665893108 222719
665849755 80309 665860475 91029
665827651 21191 665832185 25725
665851703 82255 665861916 92468
665860364 90906 665873179 103721
727374968 225101 886438009 225102
665845317 75868 665854008 84559
665872598 149157 665905386 181945
665828008 21535 665837002 30529
517709622 225102 845810636 225103
665845187 121765 665859432 136010
665891648 216926 665891472 217102
665815298 8832 665853309 46843
665848082 78626 665863679 94223
490191492 204076 877450891 204077
527655781 204086 893360361 204087
665842483 119062 665903427 180006
665897418 206154 665895563 208009
665847125 77675 665865997 96547
779622089 204072 249414973 204073
665850095 126680 665893011 169596
665892695 210878 665892510 211063
665825690 19220 665848585 42115
665859827 136413 665875955 152541
665886152 162716 665917644 194208
665816483 10014 665822756 16287
665837483 114067 665894001 170585
665841887 118468 665899621 176202
665870712 147281 665884869 161438
561208190 204081 513215267 204082
665854084 84631 665860214 90761
665864784 141352 665882181 158749
665866846 143428 665880455 157037
665864895 141468 665902085 178658
665861078 137650 665880584 157156
58352544 204075 627677033 204076
665892568 222178 665893657 223267
665821660 15197 665844891 38428
665895100 208471 665890546 213025
665853884 84425 665855928 86469
0 1 1000000000 2
665829599 23120 665839403 32924
665848610 79158 665860788 91336
719804883 204085 395465388 204086
665837367 67922 665854861 85416
665869568 146130 665874044 150606
973456257 204082 253781796 204083
665859101 135671 665885836 162406
665845566 39089 665854963 48486
665871963 148539 665885038 161614
287628547 225096 96870355 225097
665857783 134366 665897318 173901
665829304 22826 665863300 56822
665857141 133718 665885910 162487
665870780 147337 665919498 196055
665850800 81353 665864657 95210
665883072 159633 665907966 184527
665843545 37070 665861608 55133
740129694 225099 967061058 225100
665845836 76385 665851101 81650
665882305 158868 665917734 194297
665824448 17980 665850300 43832
665846483 123058 665852679 129254
665827460 20998 665842808 36346
665893975 214600 665890705 217870
665829322 22842 665856117 49637
665835719 29243 665845157 38681
665876738 153296 665898734 175292
665823102 16635 665832877 26410
665853094 83639 665875304 105849
369043839 204077 651603126 204078
421847238 204083 766513754 204084
665875787 152343 665918023 194579
665860003 136569 665901436 178002
665893999 226620 665895301 227922
722868088 204071 930120389 204072
691153530 204074 613404927 204075
665814449 7985 665821322 14858
665815371 8906 665828472 22007
665850107 80650 665867036 97579
665861005 137585 665880623 157203
725363446 228105 275427636 228106
726581954 204084 220260523 204085
804438095 204080 989434029 204081
665844660 38179 665863048 56567
665831155 24684 665837649 31178
886204503 204078 196035124 204079
