152 144
17 68
107 141
89 114
60 66
60 95
59 103
53 138
19 46
85 93
13 19
28 79
14 134
23 120
43 55
89 101
121 150
6 41
58 122
44 117
38 66
5 100
40 62
108 125
20 67
11 96
74 81
27 142
61 110
63 94
123 146
9 16
30 37
47 94
61 74
15 148
100 121
28 136
56 104
77 113
72 93
127 133
31 58
24 106
41 51
39 77
68 80
5 150
97 139
39 88
59 75
12 103
8 147
26 130
98 140
55 120
40 70
40 73
15 33
67 132
43 120
84 116
63 83
32 119
101 114
112 152
25 129
45 115
11 16
42 52
26 109
36 140
48 102
142 147
64 104
75 103
111 132
25 45
33 69
134 149
23 43
18 26
90 93
105 124
28 87
51 65
3 125
36 98
49 137
2 106
10 21
29 138
139 146
7 53
6 51
49 76
1 101
84 99
33 148
50 52
44 112
82 140
19 35
78 119
6 65
57 127
84 126
7 29
144 145
64 143
85 90
13 46
27 147
22 107
50 151
79 136
86 141
24 71
38 60
1 89
77 88
48 145
42 151
99 126
10 124
48 144
31 92
8 27
34 91
80 118
72 85
42 50
31 122
14 54
127 135
41 65
3 108
68 118
39 113
108 131
18 109
37 91
4 49
119 128
47 83
