49
89760 7812
89760 8102
89760 12346
89760 35446
89760 41620
89760 46373
89760 50268
89760 71292
89760 90731
89760 94228
89760 135888
89760 141857
89760 142982
89760 143865
89760 171837
89760 176179
89760 189742
89760 206207
89760 227723
89760 230905
89760 240967
89760 247670
89760 248493
89760 249478
89760 251533
89760 256913
89760 273648
89760 276936
89760 280122
89760 286618
89760 286726
89760 324231
89760 325775
89760 339465
89760 349919
89760 363236
89760 367844
89760 379664
89760 379744
89760 384987
89760 386529
89760 395447
89760 400700
89760 401113
89760 408262
89760 428386
89760 465751
89760 472998
89760 485057
