49
12627 1501
12627 21411
12627 28336
12627 34137
12627 39703
12627 47485
12627 110135
12627 121435
12627 140821
12627 149817
12627 171544
12627 173075
12627 175633
12627 183399
12627 212474
12627 225683
12627 228182
12627 243328
12627 263487
12627 280682
12627 298744
12627 299580
12627 303849
12627 304083
12627 313718
12627 333860
12627 348950
12627 355977
12627 356517
12627 367678
12627 378723
12627 392348
12627 393621
12627 405467
12627 411714
12627 420215
12627 427925
12627 443950
12627 446132
12627 450528
12627 453958
12627 454447
12627 455762
12627 465918
12627 473654
12627 475982
12627 491313
12627 497718
12627 498750
