3571
156 64421
156 100661
156 138091
156 190793
156 215426
156 217680
156 305986
156 331852
156 383107
156 423598
156 495022
1767 146241
1767 296098
1767 403068
2880 24812
2880 35123
2880 160780
2880 259380
2880 321158
2880 340276
2880 493909
3205 98708
3205 192702
3205 209427
3205 439205
3205 473321
3393 57241
3393 180850
3750 2163
3750 51517
3750 211546
3750 259471
3750 413503
4744 41719
4744 79630
4744 177324
4744 204176
4744 249126
4744 274011
5503 78658
5503 110175
5503 184904
5503 268815
5503 422184
5503 468104
5503 487371
5993 189564
5993 261931
5993 412847
5993 413028
6051 163925
7116 103553
8291 334929
8294 120058
8294 186098
8294 378909
8294 388182
8395 102639
8395 428471
8575 101260
8575 102866
8575 247757
8575 326223
8575 356294
8575 487965
8692 42104
8692 126335
8692 268746
8692 302355
8692 302641
8692 326542
8692 444651
8692 452545
8785 1450
8785 150008
8785 159460
8785 347047
8785 440398
8785 443943
9457 167154
9457 194902
9457 246154
9457 386188
9706 347930
9706 368974
9713 26253
9713 37060
9713 106791
9713 113244
9713 115929
9713 189986
9713 198179
9713 209883
9713 253611
9713 456073
10463 69035
10463 301224
11913 149503
11913 233603
11913 243748
11913 332811
11913 498415
11981 138622
11981 166832
11981 213008
11981 214157
11981 279192
11981 291867
11981 432586
11981 446741
12744 46969
12744 132076
12744 433736
12744 456527
12744 458585
12744 489217
13526 15104
13526 40507
13526 66119
13526 204077
13526 252100
13903 41119
13903 79189
13903 136844
13903 210526
13903 261393
13903 307162
13903 433006
14568 2231
14568 440706
14568 441974
15398 240136
15398 451869
16851 79296
16851 90644
16851 91386
16851 93848
16851 284417
16851 364220
16851 389482
16851 392929
16851 463080
16851 492087
17745 125082
17745 334961
17768 4844
17768 72538
17768 107102
17768 114955
17768 171992
17768 206964
17768 235361
17768 298657
17768 313918
17881 76459
17881 232902
19362 27621
19362 226272
19362 245049
19362 284281
19362 483461
21420 14012
21420 97759
21420 106796
21420 113928
21420 134768
21420 245138
21420 246790
21420 261626
21420 318368
21420 343179
21420 429305
22800 236845
22800 425600
23016 89096
23016 175682
23016 176730
23016 187784
23016 295669
23016 345931
23016 380053
23016 477283
23016 498996
24196 87983
24196 304668
24196 380709
25994 51393
25994 66016
25994 175903
25994 382740
25994 409270
25994 446154
25994 457389
26149 2329
26149 49442
26149 195110
26149 203801
26149 329560
26149 400832
26149 454731
28317 17940
28317 65602
28317 192971
28451 72776
28451 106196
28451 134297
28451 156599
28451 390387
28451 403366
28451 413482
28451 497517
28973 60834
28973 86951
28973 117239
28973 117316
28973 160263
28973 263794
28973 329711
28973 372360
28973 478546
29515 35408
29515 36717
29515 117408
29515 135528
29515 416406
29515 480272
30814 13228
30814 15513
30814 43570
30814 142349
30814 167380
30814 333211
30814 392158
30814 485861
30888 98028
30888 112891
30888 190400
30888 335092
30888 499252
31025 75087
31025 102272
31025 168119
31025 239033
31025 295242
31025 413254
31025 419447
31025 477625
31481 113495
31481 168135
31788 132298
31788 291432
31788 332752
31788 345768
31788 352251
31788 445316
31788 476262
32895 114251
32895 132813
32895 162213
32895 166453
32895 189697
32895 219769
32895 225369
32895 271419
32895 387554
32895 388884
33967 37908
33967 144967
35898 51482
35898 81553
35898 252803
35898 296522
35898 308379
35898 351419
36649 170634
36649 364728
36649 378434
37109 149799
37109 150857
37109 177361
37109 178724
37109 288464
37109 317338
37109 341048
37109 374990
37109 473408
37201 60101
37201 88465
37201 102864
37201 222098
37201 349089
37667 4555
37667 21691
37667 25979
37667 62847
37667 68720
37667 185854
38064 232761
38064 423873
38064 475401
39209 40308
39209 192575
39209 345975
39209 421062
39209 438053
39980 18819
39980 149812
39980 304389
39980 305872
39980 325764
39980 377062
39980 380196
39980 394875
39980 417827
40300 445116
40379 34065
40379 389225
40922 86719
40922 336249
40922 342565
40922 433432
41027 38549
41027 47206
41027 53609
41027 140738
41027 217293
41027 219347
41027 300142
41027 308047
41027 308976
41027 324238
41027 346341
41027 368495
42983 357270
42983 359071
42983 400854
43839 229001
43839 426356
44125 17153
44125 90312
44125 103678
44125 245089
44125 462134
44344 101553
44344 142830
44712 293684
44712 322374
44712 358125
44712 375675
45217 103094
45217 325898
45217 387474
45217 480883
45360 418072
45432 272649
45432 365355
45432 382657
45432 441200
45432 447172
46651 3426
46651 38638
46651 74775
46651 220115
46651 295766
46651 424649
46843 51532
46843 91984
46843 146014
46843 158773
46843 253507
46843 272427
46843 421780
46843 498552
47395 54707
47395 242919
47395 300064
47395 305750
47395 387480
47395 401842
47395 488270
47903 14529
47903 221813
47903 318907
47903 331968
47903 374461
47903 402451
47903 412296
47903 480067
47939 183777
47939 276828
47939 432408
47939 447156
47939 469519
47939 485161
48271 96118
48271 109368
48271 148245
48271 208863
48271 301494
48271 366933
48271 499664
49136 3582
49136 74700
49136 174972
49136 186359
49136 187813
49136 204868
49136 256259
49136 279159
49136 289741
49136 310660
50996 122085
50996 239992
50996 337228
50996 454957
52574 69002
52574 90798
52574 151239
52574 196093
52574 269313
52574 298182
52574 444828
52574 495163
52574 496765
52923 15380
52923 16877
52923 35436
52923 38648
52923 190147
52923 276243
52923 437504
52923 477214
54968 35305
54968 238664
54968 269200
54968 296885
54968 419642
54968 459576
55242 18023
55242 118598
55242 462241
55959 6532
55959 7160
55959 44507
55959 47231
55959 59097
55959 280972
55959 323151
55959 385169
55959 467462
56531 42915
56531 68490
56531 158123
56531 215219
56531 342916
56531 353433
56531 438497
56531 464715
56531 494237
57502 85932
57502 163775
57502 262946
57661 55861
57661 92467
57661 189893
57661 207535
57661 248890
57661 255397
57661 259174
57661 368401
57661 453999
57761 46599
57761 123237
57761 427581
57761 430966
57913 215720
58467 26666
58467 48225
58467 83994
58467 154438
58467 172660
58467 232736
58467 284801
58467 339842
58467 352885
58467 356034
58467 375926
58467 415888
59078 46428
59078 128951
59078 139176
59849 191502
59849 200861
59849 238970
59849 284375
60149 368503
61807 70800
61807 467939
62096 91228
62096 176765
62096 449968
62096 481201
63183 79850
63183 97484
63183 107099
63183 131520
63183 195040
63183 241916
63183 375811
63183 388783
63183 418783
63413 181204
63413 294067
63457 342
63457 179140
63457 263005
63457 269516
63457 327231
63457 367019
63959 52121
63959 57816
63959 151529
63959 224250
63959 367315
63959 372887
63959 417589
64453 74238
64453 77533
64453 185912
64453 291293
64453 470373
65167 64304
65167 96398
65167 108350
65167 182890
65167 230222
65167 380710
65167 385026
65167 391928
65167 495452
66022 194778
66022 201523
66022 228187
66022 297855
66156 43199
66156 53834
66156 268349
66156 364214
66156 471053
66156 484786
66661 144704
66661 361156
66661 400606
66661 453604
66661 492674
66661 496207
67578 39328
67578 59020
67578 70478
67578 148153
67578 156984
67578 163697
67578 214423
67578 231910
67578 257434
67578 322077
67578 328952
67578 375838
67578 385568
67578 411810
67578 420791
67578 471061
68486 175363
68486 237321
68546 91823
68546 191201
68546 318178
68546 339958
68546 419445
68546 460462
68546 473394
69209 59133
69808 71744
69808 413729
69808 439463
69808 489649
69818 211411
69818 260891
69818 484188
70067 55422
70067 104361
70209 9868
70209 76392
70209 101325
70209 238972
71209 77442
71209 80519
71209 238951
71209 314100
71209 426911
71209 490401
71314 116148
71314 172399
71314 212832
71314 229049
71323 18183
71323 162599
71323 182480
71323 298313
71323 433030
71953 25220
71953 40373
72316 117431
72316 139119
72316 239202
72316 264478
72316 302961
72316 398761
72628 64356
72628 493563
75735 160109
75735 218398
75735 291292
75735 350102
75735 367453
75735 378462
75735 401993
75762 155057
75762 178516
75762 186736
75762 187946
75762 206199
75762 258959
75762 451782
75762 471047
76243 100159
76243 136467
76243 148288
76243 164329
76243 256862
76243 294133
76243 406964
76243 489824
76568 35516
76568 49892
76568 92389
76568 120281
76568 127707
76568 162960
76568 314731
76568 324560
76568 424313
77514 288951
77835 4862
77835 85792
77835 159677
77835 222278
77835 240241
77835 255163
77835 461125
77835 485551
78433 234378
78433 278957
78433 305704
78433 319905
78433 447118
78856 60627
78856 216063
78856 268083
78856 323006
78856 333033
78856 334532
79280 21984
79280 129449
79280 151291
79280 196596
79280 265085
79280 278156
79280 341238
79280 425311
79280 493974
79661 78885
79661 115854
79661 133307
79661 209809
79661 349593
79661 432297
79661 441192
79661 487426
81438 200368
81438 285030
82546 344967
82546 359642
82546 390634
82915 84593
82915 206113
83823 55672
83823 82992
83823 125879
83823 146526
83823 274743
83823 277610
83823 347853
84694 263908
84694 288909
84694 338800
84694 342059
84694 371648
84694 488615
84750 46308
84750 201270
84750 206991
84750 375378
84876 44683
84876 48530
84876 89670
84876 192951
84876 353144
84876 353392
84876 366658
84876 411806
85288 108732
85288 249285
87132 25589
87132 89418
87132 214821
87132 328255
87132 465015
87573 39239
87573 70636
87573 114344
87573 204137
87573 318936
87573 320472
87573 333320
87573 368308
87942 191417
87942 218843
87942 351409
87942 370488
89111 16235
89111 86169
89111 173308
89111 302674
89111 315887
89111 322165
89111 331476
89165 26542
89165 196471
89165 285562
89165 310077
89165 496105
89683 115108
89683 115359
89683 250428
89683 296555
89683 345812
91571 72842
91571 97242
91571 208861
91571 462468
91571 465571
92001 40177
92001 87251
92001 138376
92001 297996
92001 366401
92064 51068
92064 68226
92064 125002
92178 369972
92178 372627
92178 464290
92178 476258
93309 117706
93309 222445
93309 331297
93441 15844
93441 142133
93441 232115
93441 317759
94070 36073
94070 46553
94070 144690
94070 189940
94070 197643
94136 80347
94136 108995
94136 286191
94136 428526
94136 490367
95331 406
95331 3921
95331 67338
95331 138340
95331 226041
95331 236985
95331 281697
95331 380552
95654 406231
95654 420046
95752 17749
95752 453705
95871 48100
95871 217912
95871 228894
95871 396947
95871 413829
95871 468032
95871 473799
96078 90431
96078 125808
96078 253136
96078 354587
96078 447779
96078 458126
96607 126011
96792 119115
96792 184651
96792 197025
96792 201805
96792 258773
96792 403583
96792 439683
96792 446308
97562 100256
97562 462733
97918 232417
97918 390258
97918 419698
98664 137651
98664 234693
98664 357384
98664 402391
98664 479406
98902 44467
98902 310199
98902 349716
98902 374285
100582 2217
100582 217728
100582 274511
100582 323292
100582 352937
100582 397581
100582 451864
102118 49498
102118 53917
102118 188995
102118 240508
102118 327497
102118 357151
102118 406027
102118 461145
102118 461343
102118 476535
102803 22300
102803 56951
102803 74921
102803 142384
102803 247299
102803 427484
102856 208769
102856 234296
102856 321608
102856 436071
104110 52007
104110 89271
104110 132359
104110 224779
104110 291040
104110 460343
104110 485537
104370 138250
104370 179993
104370 340119
105389 269695
105389 370780
105389 437121
105730 65994
105730 229888
105730 260279
105730 298660
105730 306317
105730 308171
105730 342355
105730 383638
106510 204711
106510 235780
106510 238375
106510 240105
106510 302205
106510 325201
107507 9054
107507 76464
107507 374368
107507 388911
107507 479231
107514 436899
109485 85413
109485 321353
109485 376549
109585 239045
109585 389074
110575 308175
110575 375337
110575 477537
111952 95937
111952 328470
111952 445198
112224 141119
112353 254198
112353 384280
112353 445011
112353 481867
113259 13054
113259 57766
113259 262045
113259 265167
113259 351768
113812 151150
113812 314271
113845 87260
113845 226037
113845 273812
113845 303589
113845 354796
113845 373164
113845 433741
113845 440117
114128 364123
114624 41786
114624 236381
114624 262837
114624 405747
115115 25608
115115 91903
115115 128308
115115 194496
115115 202536
115115 280851
115115 294420
115115 338256
115115 455491
115165 91612
115165 264754
115165 433217
115658 76763
115658 155650
115658 169829
115658 265163
115658 287367
115658 382838
116907 19527
116907 53528
116907 184335
116907 267780
116907 384226
116907 494146
118844 145131
118844 171657
118844 338670
118844 356254
118844 422123
118844 449398
118876 11153
118876 26031
118876 63365
118876 87744
118876 107521
118876 338854
118876 458852
118908 235041
118908 415096
118908 445042
119735 101040
119735 293183
119735 327913
119735 447604
121506 21839
121506 92030
121506 426288
121506 444096
121602 28148
121602 59434
121602 69399
121602 104528
121602 146497
121602 150007
121602 238304
121602 317271
121602 320855
121602 374758
121602 380351
121602 422779
121602 429963
121602 482735
122025 246897
122025 293880
122025 340575
122025 492232
123193 177691
123193 185566
123193 220867
123193 284298
123193 396069
123193 429894
124224 1549
124224 54390
124224 108785
124224 112256
124224 124744
124224 201534
124224 425394
125332 106387
125332 171720
125332 424440
126043 93236
126043 99582
126043 455268
126043 499712
126144 119549
127229 3450
127229 36934
127229 448152
127229 455523
127229 464775
127838 232214
127838 355746
127838 460346
128251 165730
128251 209813
128251 308668
128283 100480
128283 108174
128283 117676
128283 129069
128283 133529
128283 150521
128283 272059
128283 335532
128283 397771
128283 439965
128283 499397
128286 231404
128396 98891
128396 252499
128396 254678
128632 130039
128632 277231
128792 116988
129205 352850
129206 68538
129206 140528
129206 169783
129206 196687
129206 211108
129206 220026
129206 234879
129206 247508
129942 79665
129942 89098
129942 119550
129942 444385
129942 446588
130407 236749
130407 408626
131212 3975
131212 419546
131232 18082
131232 139472
131232 209848
131232 219775
131232 227733
131232 290280
131232 341694
131232 343827
131232 367533
131232 425700
132201 18715
132201 138654
132201 179864
132201 263428
132201 338502
132201 368434
132201 381113
132201 417721
132247 2519
132247 6114
132247 160386
132247 230670
132247 258527
132247 271541
132247 353366
132247 374337
132247 448780
132247 484998
133677 412582
137313 32250
137313 163077
137313 177200
139900 53800
139900 189204
139900 216215
140805 33292
140805 69698
140805 109783
140805 220237
140805 230332
140805 265546
140805 347304
140805 382217
140805 498416
141727 30922
141727 38931
141727 148128
141727 191814
141727 215267
141727 379688
141727 477695
141727 489659
142013 192066
142305 495469
143688 191050
143688 221227
143688 245032
143688 313165
143688 321197
143688 353701
144353 118118
144353 217661
144353 281347
144353 365007
144353 424977
144379 18849
144379 22253
144379 23269
144379 25555
144379 99389
144379 192808
144379 194532
144379 196224
144379 202440
144379 243491
144379 276908
144379 301531
144379 331054
144379 438973
144379 464235
144899 294532
144990 347230
145463 66175
145463 88436
145463 90661
145463 204180
145463 392704
149432 10425
149432 61621
149432 62494
149468 13154
149468 84202
149468 85024
149468 91339
149468 128390
149468 171526
149468 277660
149468 465458
150629 233662
150629 380521
150629 475890
151289 49192
151289 50851
151289 127131
151289 139408
151289 253029
151289 305361
151289 403054
151289 415481
151915 213502
151915 472433
152051 158984
152051 161446
152051 214869
152051 293680
152051 350328
152051 386567
152051 440845
153931 84916
153931 150816
153931 454008
153931 455590
154302 317876
154984 22743
154984 39736
154984 274681
154984 375801
154984 429678
154984 484976
156592 20476
156592 36571
156592 58827
156592 64931
156592 214182
156592 308318
156597 218892
156597 261483
156597 352301
156597 407746
156606 35729
156606 306244
156606 331534
156606 346775
156606 414350
156606 416564
156606 466556
156606 486731
156852 64971
156852 183340
156852 203831
156852 259516
156852 319309
156852 338849
156852 378596
156852 396315
156852 445293
157137 326920
158546 123250
158546 290916
158546 432343
159082 118822
160142 71997
160142 97765
160142 132471
160142 305230
160142 337483
160142 341738
160142 426804
160142 449942
160577 228311
160577 345739
160577 365385
162040 167199
162040 187510
162040 307572
162040 312452
162040 363337
162040 384647
162040 418150
162040 456302
162040 461817
162040 476394
162422 252756
162422 312036
162422 323772
162422 329432
162422 384997
162422 428097
162422 448162
162993 263981
162993 398359
163126 100788
163126 141474
163126 226211
163126 250511
163126 391035
163126 454937
163207 16792
163207 121893
163207 201062
163207 261705
163207 391887
164103 422584
165061 9246
165061 337121
165607 98337
165607 183686
165607 349966
165607 489883
165696 17101
165696 103988
165696 111771
165696 125463
165696 229126
165696 315368
165696 439445
165696 492554
166341 158609
166341 169729
166341 178882
166341 405736
166341 496628
166523 42408
166523 132328
166523 287359
166523 312577
166523 354478
166523 446014
166523 487021
168085 33876
168085 182791
168085 228524
168085 291051
168085 414939
168085 459162
168514 105802
168514 217259
170070 118341
170070 119839
170070 157304
170070 212060
170070 239092
170070 271185
170070 279983
170575 57543
170575 328646
170575 483172
170575 494122
171434 467313
171975 2949
171975 25210
171975 40128
171975 64557
171975 209284
171975 265524
171975 336065
171975 413912
171975 431257
171975 442374
172251 94585
172251 101424
172251 202648
172386 4051
172811 1688
172811 23997
172811 104466
172811 140388
172811 195782
172811 325114
172811 406984
172811 454796
172811 494101
173120 40263
173120 66188
173120 110655
173120 205990
173120 302207
173120 383689
173120 461971
173502 64742
173502 102172
173502 171792
173502 279674
173502 337590
173502 337958
173502 349344
173502 430016
173502 494727
174530 124473
174530 370613
174530 377526
175554 450369
175807 26837
175807 188745
175807 204659
175807 233856
175807 282694
175807 397773
175971 169033
175971 274634
175971 379418
176122 9045
176122 15800
176122 124035
176122 207619
176122 306460
176122 315662
176122 421627
176679 146982
176679 149787
176679 300723
176679 304087
176679 347814
176679 461993
176679 472817
177078 18409
177078 23116
177078 98205
177078 158109
177078 295711
177078 308827
177078 311093
177078 313707
177078 341198
177078 381198
177078 395175
178436 154421
178436 159834
178436 345199
178436 469268
179059 20379
179059 68676
179059 199602
179059 441325
179059 485333
179919 231157
179922 78377
179922 366921
179922 459718
180315 12594
180315 139609
180315 207810
180315 239413
180315 275765
180315 312117
180315 401074
180315 471198
181363 166833
181363 242098
181363 327703
181800 30556
181800 71039
181800 76248
181800 80476
181800 91309
181800 184255
181800 415195
183366 37155
183366 124130
183366 175888
183366 182108
183366 233740
183366 274890
183366 338585
183366 459135
183664 251699
183664 304225
183664 428684
184339 2980
184339 38192
184339 172051
184339 258688
184339 424568
184371 86866
184371 135449
184371 248735
184371 498246
184892 33350
184892 125363
184892 140616
185241 134680
185241 218879
185241 409527
185298 309286
185470 362519
186160 279976
186160 344697
187526 20040
187526 61224
187526 183046
187526 394067
188054 253825
188054 304963
188054 462437
189803 421404
190996 4959
190996 260500
191439 45612
191439 76366
191439 183931
191439 269765
191439 333343
191439 342021
191439 461446
191650 17630
191650 99241
191650 100266
191650 109126
191650 171674
191650 223510
191650 264167
191650 266284
191650 317458
191650 351036
191650 488215
193563 77342
193563 89501
193563 198896
193563 342135
193563 475654
195160 340231
195160 439038
195261 184016
195261 352610
195261 419473
195261 421771
195261 436423
195345 72911
195345 327213
195345 367129
195345 410290
195345 468122
195682 203929
195682 450500
195714 76027
195714 103362
195714 185392
195714 436615
195714 492291
195714 492374
196098 447962
196101 6923
196101 63819
196101 81190
196101 267774
196193 121627
196958 35362
196958 258480
196958 324073
196958 483021
196988 93768
196988 166594
196988 475837
196988 481154
196988 484626
198497 36601
198497 187324
198497 237687
198497 264021
198497 266951
198497 268518
198497 275930
198497 304157
198497 319519
198497 470610
198497 479185
198739 31699
198839 24802
198839 106648
198839 129821
198839 222851
198839 322318
198839 346516
198839 437589
198839 446074
198839 476600
199309 461959
199309 469945
199649 254629
199649 335787
199860 278401
199860 352726
199860 379219
200028 6590
200028 161247
200028 231689
200028 262038
200028 311468
200028 347340
200028 380898
200028 438940
200028 446366
200028 457618
200241 85537
200241 115811
200241 214152
200241 292290
200241 349739
200546 120175
200546 199730
200546 233139
200546 308012
200546 334680
201255 91485
201255 441247
201294 82697
201294 118361
201294 266104
201294 338702
201294 391417
201961 320088
201961 405600
201961 468792
203298 82735
203298 217774
203298 240065
203298 251928
203464 136495
203464 234322
206606 125721
206606 406857
206606 438382
206606 472750
207095 155335
207095 208433
207095 318299
207095 375600
207095 382970
207095 472978
207292 95076
207292 150128
207292 441333
207292 453929
207292 488857
208754 60800
208754 249997
208754 332717
208754 358885
208937 94946
208937 95253
208937 177469
208937 232355
208937 249901
208937 279873
208937 430628
209565 280820
209565 355905
209565 376688
209565 421390
209565 458553
210430 64749
210430 125197
210430 169041
210430 344721
210430 349492
210430 384912
210430 404732
210648 53692
210648 70572
210648 159891
210648 391612
210648 420296
212308 45528
212308 50014
212308 326610
212308 338120
212308 391955
212308 429026
212610 359630
213071 166823
213146 334552
213418 330926
213418 353968
213418 417298
213667 473246
213779 89109
213779 165076
213779 168839
213779 170669
213779 251770
213779 266975
213779 276721
213779 403278
214457 61519
214457 274829
214457 414019
216913 11088
216913 197000
216913 215410
216913 316834
216913 351047
216913 409891
217955 18393
217955 71666
217955 119161
217955 138849
217955 150259
217955 166967
217955 288038
217955 381901
217955 414345
217955 468464
218181 178626
218181 256276
218181 297078
218181 361776
218181 361889
218181 373818
218181 426467
218997 14631
218997 66441
218997 167114
218997 345077
218997 442164
220318 5841
220318 78764
220318 245667
220318 254947
220318 256830
220318 428776
220727 45771
220727 112811
220727 178845
220727 185793
220727 227992
220727 255702
220727 331349
220727 370312
220727 490977
221962 194758
222226 78286
222226 303306
222226 478679
223831 146945
223831 173065
223831 196910
223831 268071
223831 269271
223831 437938
224806 146670
224806 357443
224806 368908
224806 404180
225236 244966
225236 490088
225665 8656
225665 48510
225665 77475
225665 222671
225665 266738
225665 376318
225665 388949
226793 201032
226793 355299
226793 425919
226793 490898
227088 47680
227088 65232
227088 74292
227088 417526
227548 147918
227548 359886
227548 404322
227548 418621
227548 440420
227548 459628
228653 30024
228653 65587
228653 67938
228653 80987
228653 127551
228653 152096
228653 217717
228653 234393
228653 269451
228653 320902
228653 334915
228653 355596
228653 384167
228653 434121
229161 118569
229161 175252
229161 224497
229161 247223
229161 331110
229161 454787
230167 132783
230167 189161
230167 196984
230167 235723
230167 484298
230167 484920
230353 9787
230353 142119
230353 163004
230353 242077
230353 245623
230353 347461
230353 389926
231266 40011
231266 92336
231266 99768
231266 106131
231266 107194
231266 263589
231266 395513
231266 480500
231547 226956
233646 156268
233646 451182
234419 122514
234419 128287
234419 151772
234419 184531
234419 237104
234419 360507
234419 381447
234419 386654
234419 442713
235034 301197
235034 389785
235034 476947
235566 79783
235566 157520
235566 293681
235566 381102
235566 407322
235566 466288
236645 4399
236645 74685
236645 103443
236645 116219
236645 230862
236645 278966
236645 341497
236645 386344
237077 167640
240959 108716
240959 119797
240959 168922
240959 204631
240959 219382
240959 231897
240959 237505
240959 372968
240959 437612
240959 493818
241545 163495
241545 252852
241545 310781
241704 235615
242232 31037
242232 43929
242232 89767
242232 130854
242232 381545
242232 422453
242232 473897
242626 198377
242626 379394
243671 50383
243671 232501
243671 325743
243671 489480
243874 117579
243874 238873
243874 306307
243874 451904
243874 472055
244132 109635
244132 197165
245054 279790
245054 347141
245472 165154
245472 178983
245472 269278
245651 19191
245651 33322
245651 52226
245651 81950
245651 261571
245651 329887
245651 391947
245651 479465
245885 7307
245885 191809
245885 204679
245885 205240
245885 440330
245885 440702
245885 442047
245885 455791
245932 51581
245932 148487
245932 260101
245932 389784
245932 390475
246076 51687
246076 94091
246495 7043
246495 108287
246495 137688
246495 160716
246495 245167
246495 285713
246495 354933
246495 396154
246495 495508
248665 114686
248665 135190
248665 161555
248665 258759
248665 300856
248665 341705
249492 61924
249492 148744
249492 245528
249492 433751
249492 478470
249911 51433
249911 62201
249911 121158
250265 171909
250265 182972
250421 51695
250421 75722
250421 182707
250421 230373
250421 401121
250421 432137
251044 34587
251044 89568
251044 99190
251044 259555
251044 262568
251044 342841
251044 412455
251044 448017
251044 494848
251977 98362
251977 363234
251977 467003
253181 76514
253181 79057
253181 96486
253181 174419
253181 183050
253181 326002
253181 378030
253181 419940
253646 9821
253646 43653
253646 103138
253646 116949
253646 395197
253754 5220
253754 48244
253754 272346
253754 273185
253754 360232
253754 367279
253754 407136
253754 407772
253754 498754
254931 95393
254931 498745
255498 58062
255498 69848
255498 152783
255498 199866
255498 216789
255498 295535
255498 439018
255903 39203
255903 59684
255903 99144
255903 107943
255903 180296
255903 257366
256022 31408
256022 86004
256022 216299
256022 391982
256022 434633
256022 490408
256829 24944
256829 82954
256829 113496
256829 154324
256829 365546
256829 405764
256829 467502
258277 471012
258277 477174
258685 6176
258685 39780
258685 100732
258685 222245
258685 311082
258685 356032
258685 448361
258733 79825
259041 19746
259041 54691
259041 82651
259041 179303
259041 369107
259041 436784
259393 48104
259393 152338
259953 288949
259953 473960
260026 9182
260026 246983
260026 460228
260026 494707
260053 214124
260473 94247
260473 249119
260649 22971
260649 168931
260649 245984
262445 16112
262445 67414
262445 172588
262445 219540
262445 247304
262445 477518
263359 21210
263359 37582
263359 136872
263359 198292
263359 447481
264071 133297
264071 371098
264071 487484
264786 109920
265451 364409
265451 377763
265556 40936
265556 281493
265556 350385
265690 72257
265690 177916
265690 193183
265690 211626
265690 448596
265690 481560
268619 37495
268619 173686
268619 185045
268619 264792
268619 280877
268619 311131
268877 372449
268877 382290
268877 456812
269132 77639
269132 133655
269132 150854
269132 215667
269132 286023
269132 419645
269152 291555
269209 123897
269209 188019
269209 439051
269273 53110
269273 172505
269273 295780
269273 478183
270436 3603
270487 81429
270487 201870
270487 394646
270749 40004
270749 93430
270749 144500
270749 158015
270749 186949
270749 465767
271959 45261
271959 75018
271959 121466
271959 186642
271959 192249
271959 335283
271959 345650
271959 437981
271959 446040
271959 453159
271959 465309
271959 479547
272406 204669
272406 413307
272406 470243
272559 25868
272559 45162
272559 149455
272559 336733
273057 32041
273057 118564
273057 178030
273057 449922
273057 452825
274245 83848
274245 332489
274737 50685
274737 112036
274737 447403
274737 481884
275220 194316
275220 220855
276066 43336
276066 182164
276066 183524
276066 205533
276066 481972
277281 207694
278038 100506
278038 331306
278038 467827
278328 91125
278328 452842
278448 25955
278448 254165
278448 275751
278448 344894
278448 368675
278448 372979
278448 427992
278448 468264
278448 489105
278980 431342
278980 499724
279999 41409
279999 128012
279999 150377
280414 113915
280506 32829
280506 100535
280506 146427
280506 165188
280506 368377
280506 405206
280644 160830
280644 387318
280644 493944
280726 106904
280726 126830
280726 170335
280726 288135
280726 311258
280726 457630
281512 14612
281512 23134
281512 244284
281512 287842
281512 404958
281512 462833
281635 92023
281635 166958
281635 222377
281635 250720
281635 436702
282127 192605
282812 201083
283274 144390
283274 233880
283274 273710
283274 494752
283548 50118
283548 142314
283548 147300
283548 332141
284987 3957
284987 216277
284987 250207
284987 291705
284987 341205
284987 344880
284987 396044
285204 3273
285204 9255
285204 145184
285204 150811
285204 168186
285204 239463
285204 340301
285204 398298
285204 401316
285204 450439
285204 486725
285204 493904
285372 25002
285372 115676
285372 159614
285372 198538
285372 205729
285372 294804
285372 310998
285372 330969
285372 389889
285372 393342
285372 497940
285397 49107
285397 107053
285397 222887
285397 295108
285397 329496
285397 347647
285397 348573
285397 371842
285397 483778
285898 34194
285898 53269
285898 150451
285898 214958
285898 407364
286247 46533
286247 148859
286247 197301
286247 245021
287667 261376
288147 44623
288147 154090
292256 53305
292256 59209
293102 30768
293102 55703
293102 58531
293102 110511
293243 273009
293902 179939
293902 214278
293952 31315
293952 70667
293952 82403
293952 279810
293952 315546
293952 334019
294188 53662
294188 68968
294188 118690
294188 146604
294188 193078
294188 266150
294188 328069
294188 452090
294188 474528
294338 12653
295407 398132
296118 154482
296118 156357
296118 288204
297588 157663
297588 168982
297588 461324
298350 135046
298350 151862
298350 183868
298350 304265
298378 35259
298378 42449
298378 81262
298378 92834
298378 185186
298378 241338
298378 379257
298378 404852
299187 12552
299187 29477
299187 97444
299187 197323
299187 291989
299187 315981
299187 332112
299187 388611
299187 430884
300552 219106
300552 274146
300552 296018
300552 461836
300597 211432
300597 446574
301652 19444
301652 93168
301652 149428
301652 172076
301652 255813
301652 270080
301652 302064
301652 322352
301652 428733
301881 82485
301881 308101
301881 321647
301881 347719
301881 466823
302149 26477
302149 79388
302149 394882
302149 410965
302149 465527
302252 98124
302252 175870
302252 233991
302252 334217
302252 411759
303151 23415
303151 257024
303151 421981
304038 313971
304038 385848
304038 440954
304503 253092
304832 65046
304832 137986
304832 179388
304832 289792
304832 376846
305163 201627
305334 429449
305434 219451
305434 272598
306047 453200
307005 61360
307005 250619
307005 339261
307005 346043
307005 477083
307316 58133
307316 89190
307316 164204
307316 207552
307316 217933
307316 221521
307316 225283
307316 275866
307316 314379
307316 343177
307316 349810
307316 391402
307316 401550
307316 416416
307316 480192
307316 495490
308450 14309
308450 16149
308450 480663
308943 30570
308943 60807
308943 158616
308943 182549
308943 256027
308943 432761
308943 489314
309943 25542
309943 48122
309943 144534
310770 88899
310770 163509
312552 103721
312552 111440
312552 146429
312552 154667
312552 227930
312552 301019
312552 469813
312776 274199
313620 90267
313620 130588
313620 156740
313620 255283
313620 445718
313643 54825
313643 112757
313643 212177
313643 242106
313643 329729
313643 419884
313643 472545
314034 11283
314034 53494
314034 56227
314034 73782
314034 125453
314034 331953
314034 346638
314034 413156
314034 423442
314115 164057
314115 336879
314115 375097
315795 9015
315795 71679
315795 80763
315795 188396
315795 332748
315795 442362
315795 491484
316092 164782
316092 231271
316092 251898
316092 270715
316092 301391
316092 439792
316092 488938
316479 301958
316479 400911
318612 76985
319009 213216
319009 235127
319009 258049
320239 1142
320239 21270
320239 249653
320364 47358
320364 85979
320364 245607
320364 451831
320888 122892
320888 334223
320917 38014
320917 465089
321986 158884
321986 240303
321986 356087
321986 386245
321986 480869
322101 39855
322101 76087
322101 278654
322101 304211
322101 306776
322101 308720
322101 322496
322101 359697
322101 426962
322101 464035
322970 88893
322970 238097
322970 398836
323512 76751
323512 100863
323512 117374
323512 371265
324856 78923
324856 104658
324856 136815
324856 152054
324856 161693
324856 295042
324856 303291
324856 311966
324856 317570
324856 318827
324856 386430
324856 400157
324950 349856
324950 497568
325654 359775
325654 397122
325654 467241
326011 14
326011 45383
326011 120743
326011 160055
326011 173765
326011 198835
326011 209370
326011 240519
326011 277293
326011 296579
326011 435825
327246 37792
327246 216412
327246 280273
327246 308144
327246 311094
327898 115626
329288 192334
329288 341618
329326 294903
329326 363059
329326 448364
330082 208797
330082 339925
330095 122082
330095 188432
330095 208318
330095 222135
330095 323238
330095 352832
330095 392857
330095 436722
330095 449151
330095 452886
330757 414217
331335 72182
331335 292343
331335 299643
331335 420855
331335 487594
331395 75306
331395 102360
331395 210292
331453 25042
331453 111385
331453 363261
331453 432981
331453 471586
331453 491883
332169 59707
332169 66299
332169 73450
332169 74758
332169 90947
332169 120829
332169 139057
332169 173971
332169 276392
332169 278559
332169 296993
332169 472869
332169 478683
332751 58696
332751 221955
332751 456096
334112 66782
334112 101642
334112 174553
334112 233402
334112 306251
334112 402026
334112 405588
334112 407933
334112 448125
335298 94187
335298 382556
335298 482086
335667 44423
335667 45027
335667 61840
335667 65586
335667 250547
335667 347110
335667 475699
336625 30350
336625 48316
336625 314163
336625 406243
337243 110758
337243 158454
337243 327434
337243 339638
337243 340479
337243 472779
337643 33987
337643 237115
337657 34170
337657 124441
337657 135304
337657 148877
337657 292250
337657 344103
337657 380069
337657 391102
338199 52125
338199 53970
338199 467227
339032 1730
339032 17495
339032 57141
339032 102836
339032 118152
339032 119437
339032 154917
339032 246654
339032 299565
339899 55161
339899 105330
339899 237603
339899 242043
339899 245915
339899 303130
339899 479989
340286 64020
340286 129011
340286 244683
340286 257101
340286 301046
340484 280865
340484 311435
341349 107157
341349 177733
341349 181973
341349 392561
341349 479385
343107 28480
343107 141103
343107 198237
343107 242537
343107 363493
343107 394073
343107 409684
343107 492492
344351 19315
344351 85270
344351 97713
344351 118050
344351 171569
344351 186598
344351 312538
344351 372034
344351 382666
344351 390865
344351 396229
344351 486239
344351 497325
344904 282791
344904 289625
344904 299665
344904 491003
346372 211071
346372 302628
346372 358612
346372 474573
346378 7045
346378 97701
346378 133204
346378 216086
346378 295460
346378 412553
346378 421350
346378 498482
346872 10189
346872 235147
346872 418625
347032 22802
347032 191440
348213 17464
348213 67966
348213 80977
348213 109923
348213 171986
348213 173346
348468 19406
348468 45045
348468 101485
348468 232935
348468 242315
348468 250972
348468 302275
348468 332974
348468 481822
350303 227782
350303 228633
350303 231189
350303 268967
350303 327064
350303 333005
350303 427065
350303 460865
351243 187630
351243 404451
352542 218636
352542 302843
352687 205410
352687 345702
352687 416503
354309 1043
354309 2757
354309 201447
354309 230976
354309 272274
354309 331008
354309 412349
354309 417994
354309 490380
355553 80692
355553 170452
355553 228731
355553 261358
355553 455049
358224 109729
358224 210149
358614 38106
358614 48283
358614 110674
358614 203130
358614 262471
358614 271843
358614 452868
360083 221590
360083 490530
360333 238261
360333 244266
360333 253645
361993 55740
361993 463531
362728 19466
362728 31190
362728 48928
362728 88729
362728 118110
362728 225286
362728 361424
362728 370364
362728 396975
362728 445340
362728 466688
362728 468086
362787 16333
362787 236076
362787 258276
362787 261385
362787 337907
362787 468063
362787 488442
363172 95225
363172 106341
363172 211016
363172 311326
363172 356236
363172 494013
365000 292083
365000 328057
365227 43624
365227 66830
365227 89200
365227 129471
365227 169388
365227 257520
365227 497056
365316 338965
365771 264210
365771 332096
366457 252024
366457 477991
368290 372639
368290 387203
368290 393045
368290 408495
368290 458502
368290 458522
368290 485460
368606 85489
368606 86458
368606 99971
368606 244215
368606 322199
368606 349994
368606 449588
369566 272837
369566 327797
369566 370691
369566 437982
369566 474865
369774 167369
369774 298189
369774 425421
369807 115895
369807 247674
370029 260037
370470 223005
371279 80339
371279 85339
371279 124466
371279 347224
371986 334851
374330 36513
374330 76966
374330 169864
374330 311588
374330 365169
374330 441927
374330 479425
375193 306058
375785 31974
375785 146363
375785 156155
375785 157273
375785 217472
375785 417643
375785 436081
375785 473989
376037 215660
376037 233932
376037 254410
376037 313393
376037 318926
376037 376723
376643 49332
376643 180110
376643 466312
376902 341583
376911 4843
376911 95905
376911 142375
376911 249708
376911 304281
376911 331853
376911 367804
378144 54555
378144 122054
378144 141158
378144 151878
378144 169643
378144 240387
378144 278793
378144 419119
378629 211370
378629 478019
378814 116706
378814 265875
378814 311424
378814 317994
378814 410266
378814 429535
379193 4771
379193 10564
379193 13300
379193 143048
379193 171316
379193 191562
379193 212122
379193 274461
379193 342051
379193 393359
379255 8380
379255 73067
379255 192383
379255 231420
379255 232318
379780 108584
379780 480693
380712 247408
380712 486828
380728 360854
382797 213300
382797 382081
382797 399704
382797 429820
383132 18171
383132 42835
383132 43301
383132 50290
383132 81191
383132 224090
383132 269648
383132 489059
383134 341573
383610 3888
383610 51738
383610 157386
383610 196145
383610 209181
383610 212745
383610 246407
383610 255326
383610 419706
383610 440227
383796 311137
383796 352742
384169 9262
384169 29111
384169 183273
384169 213899
384169 237656
384169 308954
384169 343488
384169 351916
384169 372376
384169 493839
389397 150327
389397 184928
389397 273229
389397 338147
389397 366118
389397 376715
389397 418168
389397 441403
389397 499633
390920 23620
390920 57009
390920 264639
390920 339244
390920 388982
390920 403419
391604 411480
391604 425632
392030 107791
392030 153707
392156 64870
392156 221142
392156 247330
392156 429071
393450 63960
393450 145162
393450 210689
393450 215028
393450 216807
393450 251584
393450 354479
393450 454125
393986 91103
393986 203456
393986 213894
393986 357249
394087 9335
394087 156783
394087 192624
394087 279121
394087 388196
394087 464985
394369 6064
394369 169559
394369 203342
394369 293278
394369 302519
394369 342988
394369 406525
394369 417996
394369 433841
394665 104764
394665 115027
394665 197906
394665 250079
394665 270783
394665 312866
394665 459594
394665 465716
395862 134759
395862 246701
395862 437623
395862 452380
396223 50509
396223 88321
396223 137418
396223 318608
398474 283735
398474 392257
398474 420297
398537 180235
398537 400185
398537 467857
400044 245353
400044 287834
400044 447793
400044 484887
400958 254845
400958 410471
400958 410558
401241 163157
401241 412873
403402 171668
403402 176431
403402 211590
403402 225674
403402 236094
403402 307269
405828 191883
405828 340156
406859 41623
406859 91946
406859 147885
407638 163990
407638 239772
407670 32064
407670 56180
407670 133578
407670 268026
407670 332604
407670 359918
407670 391344
408168 27280
408168 334402
408168 395950
408168 437391
408850 23251
408850 114592
408850 144970
408850 149022
408850 159939
408850 254906
408850 275052
408850 307412
408850 417892
408928 13144
408928 33723
408928 191968
408928 363053
408928 387846
408928 387907
409391 131130
409391 166738
409591 352146
413320 165934
413320 356578
413320 371097
413322 445033
413565 4004
413565 51499
413565 132827
413565 327642
413565 361327
413565 374614
414513 34294
414513 216552
414513 223159
414513 269048
414513 414501
414513 458586
415734 98958
415734 112796
415734 117351
415734 338290
417733 54508
417733 111128
417733 155916
417733 178247
417733 338054
417733 429985
417733 453369
417733 455698
417733 476681
418207 327378
418207 431935
418787 11344
418787 90138
418787 285868
418787 478578
418964 152920
418964 361768
418964 375893
418964 439703
419042 55460
419042 298467
419042 341100
419042 470282
420354 13693
420354 104712
420354 255183
420445 58629
420445 171938
420445 308463
420445 481989
420536 12566
420536 143942
420536 282162
420536 391605
420536 480378
420862 247557
420862 254990
420862 312541
420862 352993
420862 371264
420862 408811
420862 431765
420862 477952
421129 391322
421129 434158
421129 442014
421129 469978
421991 54401
421991 245905
421991 451995
422313 2944
422313 93597
422313 130145
422313 284792
422313 312845
422313 413824
422313 482219
423396 396506
424052 28032
424052 166074
424052 210835
424052 396270
424052 408580
425264 167554
425264 262705
425264 275919
425264 300533
425264 336397
425264 338453
425264 365599
425264 374043
425264 377408
425264 411962
425460 19694
425460 172854
425460 190686
425460 193320
425460 225393
425460 260025
425460 272801
425460 274267
425460 463716
425460 477849
425471 17002
425471 143685
425471 196539
425471 379211
425471 431531
425471 444685
425471 464562
425713 103766
425713 377681
425713 483153
427766 189293
427766 215378
427766 280611
427766 344197
427766 347532
427766 455863
427993 57175
427993 64960
427993 157780
427993 167903
427993 181439
427993 197481
427993 220409
427993 226595
427993 249120
427993 266496
427993 347064
428432 108279
428432 114716
428432 470912
429022 141497
429022 182535
429022 226407
429022 498044
431263 5785
431263 336155
431263 432288
431263 458805
431263 482279
431268 32920
431268 375734
431268 400666
431268 436349
431376 22035
431376 264126
431376 319054
431376 357822
431376 490771
431425 310319
431425 463059
431640 53633
431640 260767
433149 154149
433149 300727
433149 432038
433149 432826
433149 471864
433149 485842
433440 135389
433440 141866
433440 373547
434185 72105
434185 137902
434185 461823
434185 471701
436321 118425
436321 414426
436321 455786
437074 181847
437074 347804
438745 17726
438745 192410
438745 245532
438745 266639
438745 269253
438745 326696
438745 431999
439418 140953
439418 445745
439418 457697
440392 253052
440392 350975
440392 355066
440392 494742
441641 482414
442154 47696
442154 174089
442154 410057
442154 494144
442371 174788
442371 185267
442371 192537
442371 198151
442371 234950
442371 391133
442371 452663
443611 5634
443611 40082
443611 118776
443611 159716
443611 236161
443611 239691
443611 266946
443611 299030
443611 355021
443611 437119
443611 472480
443659 10567
443659 71499
443659 128531
443659 256226
443659 320837
443659 343204
443659 376454
443659 393059
443659 402792
443659 447936
443659 488286
444228 89929
444228 117813
444228 356100
444228 496370
446008 277055
446008 301167
446008 435498
446008 474624
446143 19779
446143 44495
446143 294672
446143 335615
446378 147861
446378 193203
446378 257982
446378 317446
446378 405606
448216 142912
448349 200262
448349 212287
448349 427190
448366 749
448366 95940
448366 108901
448366 178486
448366 230208
448366 258839
448366 335080
448366 355274
448366 390331
448366 464221
448491 314861
448491 435237
449018 79286
449018 213039
449018 310209
449018 471528
449018 487747
449321 71201
449321 177477
449321 186219
449321 273281
449321 284261
449321 287488
449321 415728
450871 52170
450871 121083
450871 217969
450871 439217
450871 452466
451040 38790
451040 81854
451040 102025
451040 213316
451040 452520
451040 485874
451201 165589
451201 420838
452413 13218
452413 14930
452413 23387
452413 24206
452413 39524
452413 79516
452413 125872
452413 279613
452413 398435
452413 401263
452413 496330
454552 159353
454872 23690
454872 142547
454872 157487
454872 291874
454872 376543
454872 462954
454898 12737
455099 54612
455099 125814
455099 150201
457729 317335
457729 392016
457729 425523
457831 269778
457831 340822
457831 480998
458077 225538
458077 373500
458077 376599
458104 285489
458104 402691
459737 23536
459737 30402
460499 51250
460499 86131
460499 313477
460499 369637
460499 383456
460499 391510
460499 417081
461420 8006
461420 17810
461420 90612
461420 93949
461420 171214
461420 180181
461420 187293
461420 196847
461420 216959
461420 230687
461420 274170
461420 293589
461420 302319
461420 328164
461420 365617
461420 404473
461420 495747
461533 37956
461533 61752
461533 159877
461533 220994
461533 341780
461533 355442
461533 378506
461533 458575
461533 485381
461825 16515
461825 44355
461825 61035
461825 86520
461825 92519
461825 220819
461825 274876
461825 284105
461825 356528
461825 490228
461825 495635
462382 222961
462382 239975
462382 293285
462382 334905
462382 375513
462382 473762
462491 44383
462491 306763
463315 203095
463315 305023
463315 388996
463315 430206
463315 484880
463382 73541
463382 83144
463382 96759
463382 129248
463382 220505
463382 234529
463382 235716
463382 245883
463382 336106
463382 347901
463794 849
463794 2607
463794 57985
463794 204037
463794 367510
463794 430392
464194 328588
464194 338287
465017 18081
465017 185735
465017 255890
465017 376241
465017 411111
465017 479550
465419 49876
465419 116761
465419 361236
465419 404226
465419 431950
465693 4461
465693 18222
465693 93184
465693 129272
465693 264456
465693 282966
465693 297325
465693 321671
465693 340820
465693 408356
465832 1359
465832 27560
465832 275242
465832 311151
465832 313817
465832 345215
465832 451970
466043 102217
466357 7710
466357 155619
466619 137625
466619 348324
466619 396894
467128 143272
467128 267524
467128 419634
467128 425051
467128 467141
467128 470127
467363 35102
467363 38615
467363 141202
467363 159757
467363 308259
467363 332788
467363 373521
471033 90248
471033 110092
471033 112284
471033 267398
473305 152100
473548 44127
473548 191702
473548 212759
473548 303465
473548 319702
473548 332680
473548 378964
473548 418875
473548 422738
473548 495946
473706 88143
473706 208612
473706 336720
473706 458955
474200 134025
474200 201759
474200 361320
474200 431215
474200 434299
474449 57534
474449 169733
474449 227025
474449 294470
474449 420317
474449 467674
476023 9836
476023 14782
476023 122416
476023 169556
476023 318754
476023 325453
476023 413722
476876 312504
476876 403006
477079 192134
477079 279096
477079 343830
477079 393856
477829 53470
477829 83695
477829 180259
477829 182339
477829 203229
477829 209452
477829 209491
477829 225465
477829 273770
477829 338238
477829 340552
477829 348930
477829 411843
477829 463528
477890 33770
477890 142265
477890 284342
477890 296067
477890 376221
478724 19529
478724 187674
478724 280797
478724 392374
478724 438552
480169 85634
480169 137018
480169 182401
480779 127465
480779 447386
480957 309505
481873 35941
481873 166728
481873 457067
482461 2176
482461 68331
482461 170495
482461 371589
482461 408121
483019 226722
483019 230547
483019 259270
483019 324149
483019 412514
483508 15247
483508 20923
483509 78302
483509 119523
483509 402039
483509 478131
484047 263006
484053 138051
484053 187523
484053 223034
484053 258538
484053 277895
484319 268930
484319 395672
484899 83162
484899 189488
484899 212709
484899 214684
484899 232620
484899 318539
486501 114450
486501 298097
486501 319045
486501 489681
487237 310357
488444 30986
488444 208282
488558 175882
488558 280063
488558 469222
488927 64505
488927 124401
488927 200708
488927 320824
488927 412244
489625 423138
489625 430818
490590 268243
490676 16465
490676 369633
490676 457809
491705 290298
491705 481771
491887 46602
491887 77606
491887 92714
491887 179805
491887 190792
491887 223891
491887 287355
491887 373994
491887 444192
492243 111956
492243 402979
492243 443126
494096 172700
494096 263272
495367 131642
495367 238773
495367 342812
495367 417606
495367 432452
497100 107629
497100 255495
497100 455136
497881 288255
497881 292905
497881 385962
497881 476165
497886 162439
499812 102895
499812 418069
499812 433590
499826 73790
499826 133388
499826 149174
499826 269575
499826 315360
499826 347933
499826 353794
499826 405373
499826 477094
