8
5
1
7
1
1342
1
3
4
1
4
1
28746
1
13
1
3
23
33
6418
146
2
12
2
1
1
2
1
2
1
3
1
3
2
6
3
1
3
1
1
2
76
1
8
6
1
14
1
2
1
5
2
5
1
4
3
1
1
1
9
865
201
2
2
14
1
17
6
1
1
10
2
1
31
16
1
3
3
1
4
23
101
4
5265
5
1
12
1
1
2
2
4
39
3
1
4
1
4
26
7
1
6
336
3
1
5
5
1
262
7
1
10
1
3
2
9
1
1
3
5
2
5
1
2
1
385
1
1
18
2
1
1
43
45
3
1
1
554
1
11
18
3
6
1
1
2
1
1
4
26
1
1
7
13
2
2
1
21
12
11
13
299
2
63
1
3
1
1
2
1
179
15
8
1
5
2
2
5
399
2
1
12
2
1
16
9
7
96
1
1
2
1
1
1
5
2
1
10
7
28746
1
2
66
72
3
1
107
1
4
2
1
1
5
15
4
2
1937
9
2
1
7
1
1
2
88
2
18
2
2
4
50
1
32
2
424
1
2
5
1
4
2
743
2
213
1
28746
20
24
1
2
2
7
1
1
4
7
32
1
48
1
3
1
3914
62
4
16
1
22
22
36
1
17
2
1
2
5
2289
21
5
143
1
1
3
7
8
9
1
1
2
4168
1
455
3
1
1
3
3
4
1
1
16
5
3
11
8
1
2
2
12
6803
48
1
1
78
274
1
1
7
1
36
1
79
1
1
3
23
5
18
43
1
1
3765
397
39
5
2
7
9
10
2
3
1
1
3
1
3
2
20
1
1
35
11
35
1
33
1
3
1
42
1
71
1
1
2
2
9
7
164
4
17
73
2
2
1
1
25
127
10
3
1
1
1
12
2
1
1
11
120
1
2
2
12
5
6
71
1
1
1
2
1
1
1
1
28
13
2
1
1
303
1
4
3
22
1
1
1
11
1
13
1
13
5
9
8
1
22
1
1
2
76
1
36
2
108
7
20
1
1
3
1
2
1
13
13
1
3
3
41
61
65
1
12
1
1
1
1
14
1
1
6
3
7
1
1
2
151
35
7
3
1
10
1
1
2
1
1
2
1
1
28746
1
2
3
7
3
1
1
1
1
2
8
2
3
8
2
1
5
1
2
1
1
26
26
14
1
1
7
1
2
2
2
1
1
6
2
3
40
18
4
10
9
3
2
1
1
1
28746
1
1
2
8
1
5
14
1
1
1
9
1
95
4
7
11
1
4
2
380
1
1
2
2
4
2
210
31
1
48
1
1362
14
3
46
21
162
32
3
3
1
8
1
19
3
1
1
9
1
3
1
9088
3
16
1
50
11
2
3
2
9
10
1
18
3
21
1
114
9
1529
1
20
1
90
131
1
9
3196
3
1
3
1
98
123
26
135
1
1
5
1
4
27
2
1
3
4
10
8
5
3
1
5
13
2
1
42
1
1
1
13
291
4
12
1
11
1
4
21
1
1
10
1
1
1
2
31
9
652
1
2
3
3
18
23
6
2
2
121
1
15
3
1
83
189
27
96
2
74
53
6
1
3
2
71
2
1
4
2
1
5
58
71
1
1
5
1
1
1
2
1
2
83
1
1
2
9
22
2
1
1
1
2
1
2
2
4
836
1
1
3
39
5
58
119
4
8
1
122
17
1
2
6
27
101
1
2
66
1003
1
1
867
18
16
1
5
18
1
1
37
1
1
3
4
3
1
3
34
4
2
47
3
2
1
2
1
4
1
1
3
1
16
1
166
1
1
1
1
3
1
1
16
18
4
1
126
28
1
17
788
1
5
6
106
1
1
17
2
2
10
2
6
5
16
1
3
3
248
5
76
1
1
1
88
16
1
1
1
1316
1
2
37
2
5
1
3
1003
1
17
8
7
4
18
5
1
4
1
29
1
4
1
6
1
1
1
19
1
619
5
2
3
1
2
65
8
1
1
2
15
1
2
51
5
221
2
1
1
20
1
16
2
2
7
3
25
1
1
1
28746
1
209
2
23
1
4
35
238
1
1
8
6
7
9
1
2
1
2
1
1
1
194
256
61
37
11
83
2
1
1
7
8
1
1
2
1
1
19
2
1
1
1
3
1
1
7
1
74
1
1
1003
12
335
1
1
105
1
5
5
503
1
8
2
16
10
1
1
2
4
9
1
5
1
1
3
1
1
3
1
7
5
11
1
4
2
19
9
1
17
1
5
10
4
3
13
4456
2
5
1
5
322
1
3
1
2
6
72
1
2
8
1
5
1
4
13
1
1
1
1
9
1
1
18
1148
21
5
3
74
1
2
1
1
2
2
2
216
5
1
1
1
1
1
1
36
1
419
1
2
120
10
10
1
109
19
6
1
33
2
1
1
16
8
8
5
1
1
2
1
2
1
9
68
2
1
2
1
1
1
437
1
3
85
2
15
33
1
34
2
9
10
1
22
4
1
2
2
1
1
6
1
6
1
1
7
1
1
2
1
6
5
39
4
34
1
1
3
9
1
29
2
150
1
1
15
5
1
3
1
1
1
73
1
3
2
3
5
1
1
1
8
4
28
8
1
1
8
1
1
1
12
1
2
1
2
8
2
2
5
5
1
3
22
3
1
4
33
1
457
1
39
18
1
2
8
12
1
3
1
6
35
6
786
12
1
2
7
2
3
1
3
33
74
1
1
1
1
2
4
1
5
1
3461
5
9
28746
2
2
4
6
2
7
1
2
1
1
139
1
2
1
4
109
11
1
1
1
26
4
1
1
1
2
5
1
2
1
1
2
2
2
1
3
1
15
2
28
1
2
1
51
40
3
1
3
1
3
1
2
2
3
1
1
6
11
1
1
4
3
3785
10
1
2
3
3
3
2
3
8
1
2
79
8
5
2
1
1
15
24
1
1
1
3
1
5
1
2
64
15
2
2
1
1
1
2
24
3
10
74
63
1
447
21
1
1400
1
31
1
3
2
1
3
14
30
16
2
95
1
2
1
2
585
6
1
7
1
1
1
1
2
3
2
2
31
48
1
2
1
1
2
3
6
2
74
2
4
1
222
3
8
1
5
155
4
37
1
1
150
1
1
1
1
1
1
1
1
4
1
30
1
5
1
9
1
785
1
9
1
4
1
1
62
31
1
1
9
768
31
6
6
1
103
24
9
2
1
7
1
114
2
76
16
4
2
40
2
2
1735
2
2
113
2
3
4
50
90
9
2
61
1
2
239
1
2
1
1
2
1
1
1
1
14
4
4
7
7
5
530
1
1
16
1
1
2
146
4
1
8
1
13
1
12
2
134
1
1
2
1
5
42
3
2
17
6
1
858
5
5
1
1
2
24
1
1
1
1
1
1
1
2
11
1
1
62
3
1
1
2
2
1
1
8
3
10
11
1
1
1
14
1
1
2
31
1
2
1
6
5
38
1
1
1
3
9
1
22
29
3
14
5
7
8
70
6
1
1
2
11
1
5
4
5
196
24
6
1
1
2
2
2
1
5
125
1
1
4
1
1
4
17
2
3
1
8
9
1
10
3
1
2
7
28746
4
3
4
19
1
1
7
4
855
17
1
1
20
1
39
3
30
5
4443
3
12
2
2
1
1
10
2
5
173
36
1
4
1
1
1
1
4
1
5
9
29
4
9
1
2
1
3
31
9
59
1
3
1
2
1
1
1
1
1
1
139
28
2
1
2
28746
7
1
1
271
11
307
1007
15
3
1
99
2
1
1
2
71
1
1
7
1
4
3
1
1
1
149
1
2
1
1
5
2
1
1
23
1
2
1
2
1
3
8
2
19
1
2
2
45
2
27
544
6
30
10
1
5
1
1
1
1
1
1
1
13
7
1
3
1
651
2
56
1
6
49
113
12
1
1740
14
1
2
2
165
3
1
2
1
1
14
1
3
1
1
3
210
4
8
3
4
15
3
1
1
28
306
2
1
6
5
28746
3
1
7
24
1
4
1
106
5
7
286
26
33
167
58
149
3
446
3
1
285
1
1
8
3
2
11
1
1
11
1
2
1
2
7
2
1
91
1
1
4
1
1
3
1
28746
2
4
1
1
1
90
1
6
1
1
4
1
2
1
34
242
8
1
748
1
178
4
5
4
1
1
2
1
1
7
12
1
1
1
117
2
72
3
2
2
1
1
2450
1
1
1
3
67
24
2
7
7
1
24
1
3
1
8
569
10
1
1
3
156
3
2
1
1
4
17
3
4
121
16
1
6
11
1
7
30
2
568
1
9
1
2
1
5
1
57
2
1
3
2
8
6
7
11
1
2
10
2
1
8
6
1
6
26
1
112
2
145
1
4
4
1
2
1
2
26
109
112
2
24
10
1
1
4
6
1
10
1
2
2
5
2
12
13
1
1
105
1
3
33
1
2
1
16
1
1539
17
6
2
9
9
6
1
2
1
1
64
1
4
93
6
2
1
1
1
1
2
3
3
7
3
452
1
1
1
2
28746
5
8
4
2
1
28746
1
1
522
1
1
2
59
1
147
218
1
3
1
4
1
1
31
1
13
14
1
4
6
1
1
846
14
2
1
1
1
2
1
7
1
1
3
1
4
272
47
1
18
1
1
8
6
2
1
1
6
3
12
98
20
129
2
1
1
66
7
2
1
1
45
1
10
7
1
1
1
28746
26
3
1
1
1
1
6
1
2
2
23
14
1
98
16
5
56
5
41
1
5
7
4
1154
10
3
1
2
14
1
2
21
2
1
13
1
2
2
41
30
1
26
1
3
4
19
5
1
2
1
8
6
2
3
3
1
5
28746
51
16
1
2
2
465
1
25
4
2
1
1
3
5
4
8
16
1
1
1
1
8
6
65
68
2
5
3
2
3
43
1
4
1
1
3
1
78
3
4
1
3
3
6
2
1
3
97
8
19
4
1
1221
1
3
1
39
8
1
2
62
2
6
7
38
1
251
1
1
67
2
1
2
1
2
3
1
1060
1
1
3
2
6
290
2
7
1
1
1
130
2
5
1
1
1
1
1
7
4
49
49
4
7
914
16
6
3
7
1
2
1
12
1
1
3
1
1
2
48
10
43
1
125
14
8
1
9
1
6
52
7
1
1
28746
10
64
7
3
39
2
18
2299
5
5
28746
1
3
5
1544
1
100
1
46
23
14
448
1
3
239
5
5
100
1110
4
1
1
22
183
1
58
7
1
1
12
58
1
4
2
2
1
2
1
6398
5
2
137
11
857
7
2
48
5
43
1
9
2
3
8
847
282
127
56
2
1
1
1
1
1
1
1
9
36
1
12
2
1
49
1
4493
32
1
1
1
1
1
1
1
10
10
40
4
1
11
1
18
1
3
2
119
660
4
2
3
1
1
4
3
9
106
49
759
2
5
2
58
12
79
1
549
3
2
4361
2
2
103
1
9
5
1
6
1
89
1
2
1
3
1
18
1
1
2
1
33
2
1
7
1
2
3
1
37
28746
4
2
7
1
11
7
6
461
1
8
1
20
13
1
1
2
2
1
1
1
1
1439
1
1
3
2
3
1
8
1
1
1
1
31
1
1
2
3
1
4
2
1
6
2
17
1
1
1312
21
9
1
2
4
2
2
4
1
1
1
1
1
1
1
1
4
76
24
11
5
2
385
6
3
1
162
10
6
46
1
55
1
1003
1
1
15
2
1
2
1
1
6
7
1
28
1
1
10
3
6
1
1
14
1
2
1
2876
25
4170
442
6
13
2
9
2
3
1
307
2
1
2
1
77
3
1
2
1
7
21
1
1
1
1
18
1
5
78
5
1
1
3
4446
1
3
2
6
1
85
3
2
1
1
1
11
1
43
14
3
2
19
4
32
836
54
3
5
1
2
2
7
1
10
2
1
1
1
3
2
3
46
1
186
2
66
906
1
141
2
6
2
41
28746
1051
55
11
5
2
3
4
5
6
58
2
1
5
1
1
1
2
28746
1
283
11
2
13
2
2
1
4
1
56
11
4
3
1
1
11
28746
14
6
4
2
2
1
1
1
1
1
1
1
7
3
201
385
1
3
34
2
9
41
1
8
23
1070
1
2
2
6
1
1
1
393
3
8
483
32
2
4
1
1
2
46
1
1
1
4
75
1
2
17
1
3
229
1
2
1
36
45
2
13
1
7
2
1
1
1
1
5
202
3
17
16
2
1
17
1
4
2
1
34
2
2
1286
4
1
1
1
49
29
4
7
3
18
1
2
390
1
9
1
4
8
28746
1
2
5
3
2
3
767
1
1
23
2
2
9
33
1
9
8
5
4
28
105
6
1
1
2
388
3
185
5
3
3
2
1
44
2
1
1
1
46
6
8
1
1
1
3
29
29
1
3
10
68
46
1
3
6
2
7
2
1
1
2
1
682
79
1
19
1
4
2
1
1
2
6
61
2
385
5
3
1
1
1
6
1
1
10
1
2
2
6
1
2
9
26
1
11
1
3213
7
2
1
1
1
2
2
28746
2
1
1
34
1
1
2
10
1
1
17
1
1
1
4
23
2
9
1
14
3
1
3
3
2
4
2
9
8
9
1
8
168
13
1
16
1
1
2
1
4
1
2
2
27
1
55
2656
10
3
2
1
5
9
1
9
1
1
2
2
12
2
1
7
49
738
3
5
593
13
2
4
2019
15
6
9
29
12
43
6421
2
1
1
3
1
5
14
9
124
2
1
1
1
7
15
415
1
13
1318
3
1
4
6
5
10
206
1
4
1
74
1
8
1
1
28
72
77
3
2
1
2
12
4
2
3
1
1
4
1
1
1
2
1
1
43
26
4
18
1
3
2
29
1
2
1
2
1
2
1
1
2
25
193
6
5
23
19
4
1
1
3
7
103
69
13
1
33
415
1
5
1
3
3
42
14
5
10
2
1
16
5
19
1
1
8
28
4
3
2
1
1
65
1
3
9
4
5
1
398
14
6413
1
33
2
1
9
2
2
1
1
2
1
11
5
1
1
2344
16
2450
21
1
7
5
1
4
4
19
1
1
4
8
2
9
1
24
13
9
2
47
3
7
13
1
6
1106
1
20
1
19
54
1
1
34
36
4
1
1
16
1
1
3
1
23
1
3
3
1
492
1
8
1
1
14
16
2
4
1
19
239
12
4
1
10
2
1
1
4
94
2
1
2
2
1
2
2
16
47
4
2
3
1
1698
2
3
1
5
98
2
3
1
1
1
2
2
1
23
14
1
3
87
70
1
2
2
5
1
1
6
4
1
2
1
110
3
6
1
2
1
36
1
2
1
1
1
1
1
2
7
1
9
2
73
20
1
11
28746
1
2
26
1
2
42
589
1
15
1
1
1
31
52
3
30
1
1
3
4
2
5
1
1
1
108
4
28746
3
2
3
14
31
1
21
1
5
1211
2
4
220
1
2
9
1
78
3
1
28746
7
1
1
1
1
1
1
4380
1
3
1
7
1
68
28746
164
1
3
10
1
7
1
1
1
2
5
1
5
42
158
6
1
28746
86
7
1
26
2
273
1
4
8
3
66
1
1
5
2
3
1
1
4
7
2835
15
137
7
6
36
1
4
1
72
4
1
69
1
1
8
155
3
1259
14
26
1
4
1
2
14
3
1
4
15
22
1
6
7
1
4
58
1
86
2
8
1
3
8
4
6
1
3
77
13
24
3
1
1
16
4
3
1
1
3
1
2
1
2
1
6
12
2
35
15
1
1
2
1
2
2
23
3
1
70
1
26
5
16
1
1
1
4
4
1
1
1
3
3
20
1
3
81
234
9
1
1
14
55
1
1
1
5
1
3
28746
4
6
8
11
1
469
1
3
9
1
4
2
1
16
2
68
8
1
1
1
59
16
3
1
17
2
90
1
1
4
1
3
4
3
5
2
1
2
12
28746
4
1
5
105
579
2
1
1
1
17
734
2
1
2
1
6
1
1
14
1
19
2
1
41
2
28
28
16
1
1
1
16
2
48
1
4
16
8
11
10
4
3
1
3
15
1
2
7
10
9
6
2
3
6
7
1
1
1
2
14
1
1
2
2
1
2
182
1
1
132
4534
1
1
1
3
182
1
3
6
6
66
11
1
13
1
3
1
1
1
1050
4
80
226
2
1
3
9
1
3
1
1
8
5
177
1
5
3
2
6
1003
5
4
1
253
1
2
1855
1
1
1
1
128
4
2
4
4
2
1
39
3
3
7
33
57
1
2
1
4
1
1
7
1
267
1
1
5
14
6
1
1
4
4
1
28
1
4
2
1
3
1
1
28746
3
8
1
4
4
1
2
1
7
1
1
1
127
1
227
2
17
82
17
1
1
23
1
1
1
2
7
2
1
8
9
3
2
3
3
9
70
2
2
1
2
1
89
5
2
1
21
193
3
2
119
5
3
9147
3
1
2
10
3
1
1
3
5
1
16
19
2
2
41
2
1
2
1
22
1
2
9
1
64
35
403
1
6
3
162
10
1
1
1
1
1
7
8
15
2
60
1
15
1
110
3
4
1
19
2
339
36
7
2
3
1
2
2
1
1
12
195
12
3
2
103
3
1
28746
7
1
3
1
1
1
1
4
274
1
1
1
1
1
7
12
66
1
1
1
701
15
4
13
25
1
9
3
1
1
1
1
51
1
1
35
1
2
34
169
1
1
1
1
6
1
5
18
1696
85
1
1
4
1
11
5
1
28746
1
28746
1
5
1
147
18
28746
2
1
26
157
1
51
21
1
1
5
3
1
1
1
4
1
1
15
3
1
6
1453
107
143
10
25
5
1
3
1
2
1
1
1
1
1
4455
2
7
26
2
1
1
1
505
2
624
3
198
8
1
6
6
2
3
1
40
1
102
4
38
1
1
1
163
853
202
1
27
1
1
7
5
2
4
33
41
14
2
2
4
2
1
89
40
1
1
1
7
3
10
1
241
13
1
6
14
1
2
129
7
2
39
4
1
9
4
21
49
1
1
1
1
1
2
6
118
1
1
3
3
35
43
2
1
75
14
11
51
3
1
10
11
7
3
17
19
17
3
2
1632
1
3
4
10
5
1
1
1
1
2
4
1
54
1
21
1
4
7
2
50
6
1
2
5
6
6
4373
1
4
5
1
1
1
2
1
2
1
1
36
1
33
2
1
4
1
1
1
1
8
2
1
2
5
1
5
1
1
2
1
6
1
3
1
1
2
1
1
2
1
8
4
1
1
14
4
2
1
1
1
1548
5
94
19
2
3
6
10
3
1
4
1
3
1
3
7
1
4
7
2
11
1
1
2
1
1
1
2
1
1
1
3
3
4
1
5
1
1
4
4
18
1
1
2
9
5
3
1
2
2
2
2
1
1
2
17
1
2
1
6
7
2
1
3
1
2
9
1
2
3
1
8
1
24
2
308
1
5
1
13
6
3
1
2434
121
6
8
233
25
6
6
1
68
17
2
1
65
21
1
8
7
50
17
15
20
1
34
1
40
1
6
1
1
2
2
1
1
6
28746
1
1
3
2
1
8
14
1
3
7
1
1
1
15
6
1481
6
2
113
1
14
1
2
36
1
2
1
1
4
2
2
1
1
2
1
4
28746
105
50
10
49
3
9
1
1
1
2
4
5
1
2
2
3
1
2
385
2
7
36
3
52
18
1
1
7
2
1
1
5
1
3
6
1
2
30
1
97
2
2
11
2
7
4
1
12
198
1
18
17
62
562
1
1
10
1
218
451
6
28746
3
1
1
1
1
10
16
2
15
13
63
9
1
2
1
1
1
1
1
1
1
766
2
2
3
1
1
17
1
4
1
9
8
1
2
21
2
1
31
4
5
15
9
4
1
1
2
1
1
2
19
1717
283
17
1
7
4
9
2
1
1
1
273
1
1
2
2
2
1
236
1
1
1
1
1
1
1
3
1
1
1
77
2
2
5
28
3
1
6
3
2
2
2
2
11
3938
11
1
2
7
1
1
1
1
20
3
1
34
5
1
1
1
49
4
6
2
1
3
1
1
1
2
3
5
1
32
16
131
2
11
14
1
1
1
1
8
2
2
1
8
1
1
3
3
1
5
2
7
3
7
75
1
2
16
67
200
5
2
1
4
1
532
168
4
6
43
69
3
28746
5
1
2
49
1
24
11
32
1
34
1
43
100
139
5
8
6
800
5
4
1
4
29
5
22
1
2
1
8
1
3
1
1
1
2
1
67
1
2
2
3
10
8
3
111
1
3
1
1
12
6
2
2
6
4
66
1
7
1
2
13
12
1
2
6
337
1
1
1
3
2
7
1
1
6
13
303
1
3
4
6
1
12
1
2
1
1
2
1
15
17
27
1
2
2
39
1
1
99
1
2
1
2
1
3
1
2
33
3
1
8
5
1
2
843
3
424
2
11
9
853
19
15
2
1
1
4
2
1
1
120
1
1
6
77
1
5
3
13
1
2
1
3
25
1
1
2
4
1
1
1
1
1
1
1
1
5
1
3
1
1
4
1
26
1
1
5
65
2
1
1
3
21
9
3
186
3
1
1
1
3
1
1
151
35
1
1
1
1
1
1
1
28746
1
1
5
1
65
1
9
1
12
1
5
7
1
126
453
1
2
2
13
28746
5
1
45
1
508
10
1
78
4
9
1
1
1
5
5
1
28746
1
7
3
4
51
1
1
1
9
6
2
2
2
3
2
1
78
2
5
6
1
2
1
2
3
12
1
1
1
1
5
385
1
3
31
3
3
530
4
2
3
140
13
5
18
1
8
4
140
9
501
1
1
40
47
1
1
1
1
6
1
13
1
1
24
2
3
49
3
3
1
1
1
64
6
283
1
1
6
1
2
3
3
2
2
2
1
22
28746
17
1
410
125
1
3
6
2
2
307
1
1
7
2
1
2
9
3
1
2
5
148
119
177
1
1
1
1
5
3
2
4
34
14
1
2
2
5
211
11
135
17
1
22
6480
2
1
4
1
2
1063
1
9
2
2
2
3
7
3
1
8
1
1
13
580
67
19
27
1
446
9
20
1
2
1
1
1
6
30
1
7
1
1
4
17
2
6
3
1
1
1
28
126
1173
9
1
7
1
3
1
2
28746
13
1
1
1
12
3
1
121
1
1
1
3
2
1
36
1
2
2
2
242
2
2
200
1
3
69
63
4
25
1
422
56
1
1
1
1
18
3
2
3
1
8
1
1
1
1
1
7
4
1
1
2
1003
2
26
21
1
2
2
2
4
1
7
8
2
1
14
2
33
1
1
14
1
1
1
1
1
16
6
1
6
13
1
5
1
4
1
1
1
34
1
3
1
16
41
1
2
205
1
1
3
1
1
1
2
62
1
12
2
3
5
1
2
471
14
4
3
95
211
38
3
2
1
2
8
10
4
2
7
16
1
4
1
1
2
1
1
8
2
7
11
1
1
3
1
1
44
2
1
138
1003
3
31
594
1
1
4
2
9
7
383
21
4
39
3
70
1
6
1
1
3
1
10
6
21
6
2
1
3
16
1
1
4
1
1
2
1
66
2
7
696
1
2
1
6
1
1
18
1
5
1
14
1
2
1
31
2
2
2
13
1
3
2
2
5
1
1
1
18
16
7
2
4
5
1
2
1
5
37
1
3
2
1
1
3
39
28746
8
2791
218
1
284
30
1
1
1
1
1
5
706
1
1
2
39
3
2
2
2
26
1
13
5
20
1
5
6
1
6
584
2
1
1
552
4
1
5
2
3
6
1
1
2
36
51
3
2
19
307
1
1
1
36
5
1
7
8
1
4
5
1
9
11
7
2
1
1
1
7
12
62
2
1
1
1
4
2
10
1
1
1
10
1
1
1
1
2
2
2
87
16
1
1
1
14
1
2
2
8
6
2481
12
13
2
5
4
1
15
785
5
1
1
1
1
16
5
1
43
11
41
1
1
2
9
2
78
14
5
1
2
2
44
89
23
2
3
1
8
1
2
4
1095
3
2
1
560
6
1
1
9
1
5
1
1157
4
1
9
1
1
1
15
1
1
1
6
3
2
2
1
1
1
461
2
1
58
1
2
1
3
2
2
4
2
1
1
2
3
1
225
1
2
2
1
1
6
10
32
1
1
2
1
1
1
83
6
1
1
1
230
1
1
1
1024
11
44
2
18
19
2
2
2
1
1
25
1
3
2
13
2
42
1
20
1
1
2
1
15
5
2
58
13
5
4
1
6
11
422
23
6419
1
2
4
1
114
12
547
14
1
10
1
7
1
11
2
5
1
1
2
27
5
4
3
6
210
1
20
1
1
1
2
3
19
2
47
1
2
2
5
1
2
2
1
3
2801
9
3
2
7
1
1
1
2
1
1
79
1
3
1
248
1
4
28746
1
1
15
12
28746
1
6
4
29
2
3126
6
3
8
8
1
2
1
1
1
5
5
1
7
1
610
3
9
17
3790
2
1
1
2
10
7
6
25
1
1
1
2
1
2
9
2
6
2
1
1
1
2
1
1
2
1
2
63
3
1
1
23
1
3
8
1
4
44
1
2
10
2
3
7
2
7
1
3
43
10
12
1
2
6
1
3
1
1
1
1
4
2
1
6
1
1
14
5
18
42
1
1
8
22
1170
9
1
3
1
327
1
1
1
1
8
4
1
10
2
2
2
1
1
9
32
1
2
1
5
1
314
6
843
307
1
1
1
2
1
1003
1
7
1
3
1
2
5
2
7
1
3
7
2
1
2
1
3
155
5
851
1
2
1
64
2
23
114
1
1
1
73
1
1
8
2
2
3
1
2
2
2
2
1
82
7
5
43
1
14
1
7
2
5
2
41
1
393
4
6
8
1
1
1
1
44
3
4
5
79
1
10
10
2
6
8
17
447
2
35
4
2
9
1
1
1
1
2
1
2
9
8
1
2
3
1
1054
10
1
1
1
3
3
2
1
6
1
2
4
2
29
7
24
3
1
3
2
1
1
1
64
1
1
59
2
3
4
42
2
2
117
59
1
1
8
4
2
2
1
17
1
4
8
2
230
1
7
3
7
2
7
1
2
2
60
219
4
23
73
10
4
3
2
3
1
2
1
1
1
3
1
74
59
35
1
1
5
5
1
3
1
13
2
1
1
688
153
2
1
21
1
1
4
3
1
1
5
4
242
1
2
282
2
1
1
20
1
1
19
17
2
1
3
394
1
2
2
5
2
40
1
3128
11
1
6
8
1
79
3
1
13
3
417
1
1
1
1
1
18
2
1
2
3
1
1
25
1
460
17
1834
2
1
1
5
1
2
1
61
56
1
1
1
1
44
1
1
74
1
2
9
2
5
2
271
67
2
11
4
6
2
360
20
3
4
8
54
1
34
1
1
11
3
1
6
1
1
1
61
4
5
32
11
1
1
9
32
59
26
1581
2
42
1
1
127
3
1
671
16
1
1
3
23
92
6
11
1
1
7
1
1
187
2
1
3
1
1
7
4
3
41
1
64
6
1
4
2
6
1
1
3
2
1
1
1
16
1
1
1
1
2
6
32
10
1
9
1
26
2
3
1
1
276
2
21
203
1
1
10
3
1
20
1
1
5
2
8
1
1
1
1
1
4
44
1
6
4
1
1
34
2
185
1
22
1
2
20
2
1
2
28746
3
1
32
12
2
3
1
1
11
1
1704
1
1
4
1
98
4
38
1
1
1
1
1
1
1
3
3
1
8
28746
1
6
1
3
7
1
1
1
1
2
4
3
4
2
1
1
1
15
16
2
13
1
1
3
1
1
3
5
14
2
1
2
30
4
9
1
7
52
2
2
4
409
2
1
7
1
1
125
1
20
6
3
1
1
5
1
1
1
4
735
5
2
1
576
73
63
4
2
48
5
9
15
8
2
4370
7
1
1
90
2
26
258
1
3
80
627
1
53
10
46
1
163
1
73
4
1
1
11
21
2
3
1
2
1
1
23
1
1
101
1
14
1
3
21
1
1
1
63
3
9
3
38
4
1
2
8
23
6
2
4
2
1
1
8
2
1
40
1
4
1
104
6
126
1
1
15
22
6437
1
8
22
2
2
1
1
1
9
1
632
1
1273
4
1
5
9
19
45
164
4
28746
2
1
19
10
3
1
6
1
1
1
2
1
6
4
11
1
1
1
1
1
3
1
3
2
575
1
4
3
2
150
359
7
1
1
1
201
21
1
1
1
1
1
33
1
1
2
1
1
2
3
1
7
6
4
16
59
3
1
11
11
2
3
5
6
1
277
39
1
1
1
1
1
1
2
1
1
5
7
6
20
15
1
2
9
4
1
11
4
2
50
1
1
2
1
1
4
18
51
1
1
1
11
40
77
3
4
349
1
37
1
4
3
4
2
17
1
1
40
1
4
229
2
1
1
1
2
1
1
80
60
1
1
1
9
1
2
6
4
1
1
1
1
1
281
4
110
1
10
3
1
1
385
1
1
104
25
2
1
1
105
1003
1
12
2
13
1
1
20
2
8
1
3
3
8
1
2
3
17
3
10
1
1
1
5
3
1
2
3
1
4
184
19
8
6
1
1
14
1
1
1
149
2
3
2
28746
2
1
1
1
2
5
4617
1
1
4
1
1
76
1
117
456
31
13
2
1
99
1
6
3
57
2
1
1
16
2
1
1
1
1
1
1
2
2
3
1
47
2
5
3
139
5
2
1
2
3
9
1
1
2
2
2
1
111
1
14
1
1
1
10
28746
1
5
5
1
3
1
26
9
92
1
1
8
56
3
4
1
1
2
3
1
2
1
3
1
3
111
2
2
1
3
12
8
1
2
5658
28746
9
52
1
1
42
1
6
1
9
1
1
2
17
1
32
8
10
11
10
1
1
1
2
1
1
66
1
4
6
11
2
36
1
1
9
5
1
30
1
1
1
1
11
166
1
1
14
4
2
1
28746
9
27
1
113
2
2
2458
1
24
2
1
3
287
1
1
1
1
1
1
1
3
4
33
3
1
5
78
6
2
16
1
1
1
1
4
1
1
1
1
1
1
2
6
17
1
1
28
3
4
46
3
2
1
3
1270
1
56
1
1
1
3
4
44
5
6
2
11
3
1
5
1
1
1
1
1
4381
1
1
3
1
1
4
28746
1
6
1
353
7
1003
1
3
4
8
1
6
1
6
1
34
1
1
4
2
52
423
8
10
16
4
4
2
2
1
3
1
1
4
2
1
6
6469
89
2
1
1
3
112
8
1
1
1
1
1
2
1
69
1
1
16
2
26
1
31
1
1
4
3
2
1
1
1
15
1
1
22
1
1
3
91
1
19
1
3
424
3
1
4
1
1
3
3
128
4
2
2
1
2
15
1
1
1
16
1
1
2
6
156
196
2
826
2
2
1
1
3
1
1
1
1
1
17
1
1
1
4
2
1
206
1
1
15
4503
1
66
5
1
1
5
1
1
1
2
1
1
1
3
14
2
1
1
3
1
7
1
79
1
1
1
2
4
1
2800
1
225
1
1429
51
1
43
2
58
6
10
36
464
28746
3
2
210
3
1
4
3
6
3
2
9
3
1
3
6
5
1
7
24
14
2
2
1
1
1
4
20
2
1
1
68
74
269
2
1
2
2
1
4
1
1
52
7
12
19
26
1
1
9
2
76
1
1
6420
1
95
5
35
1
32
1
1
35
196
39
4
7
1
196
1
7
1
3
2
1
2
1
1
6
1
1
5
1
2
5
14
11
4
1
1
7
1
15
1
2
5
1
2
6
297
1
27
2
1
1
1
1
23
1
7
4
383
1
1
1
1
1
16
2
74
58
1
3
5
4
13
3
1
2
3
1
14
3
1
3
18
3
26
1
4
4
28746
10
44
564
9
1
1
1
5
2
3
5
152
2
2
3
1
6
16
3
3
4
2
9
1
1
13
1
11
1
3
2
1
29
43
3
6
3
16
1
255
36
4
1
1
1
5
2
1
5
2
9
9
6
1
1
1
1
12
13
15
10
2
1
1
1
63
1
105
25
554
1
1
20
1
59
1
118
6
4398
1
10
1
4
2
1
1657
4608
6
5
1
6
61
10
16
1
35
28
1
212
2
7
2
28
2
18
7
5
68
17
1
1
1
10
1
1
3
1
1
1
1
2
2
6
50
5
15
1
1
1
3
7
1
3
2
2
6
371
7
8
6
1
125
2
1
112
1
3
5
2
8
1
134
68
228
4
1
4
1
1
3
1
8
1
7
41
1
1
1
4
35
1
1
1
1
9
1
1
11
3
1
7
1
1
2
1
2
4
22
35
1
2
28746
185
7
4
19
4
3
4
25
1
1
2
1
4
1
1
2
4
2
1
42
2
2
6
2
1
6
1
2
2
23
1
2907
3
1
1
2
1
1
29
3
1
1
1
1
3
1
24
19
78
5
3
1
1
2
1
5
3
2
28746
1
1
282
2
16
1
1
1
50
1
3
2
1
3
1
18
3
1
239
1
1
1
1
1
1
2
14
486
9
13
1
1
10
24
2
1
3
1
2
5
17
6
1
1
4
3
1
4
3
1
54
19
8
1
1
1
11
2
11
1
1
3
2
11
4
1
16
2
28746
2
3
582
1
2
1
3
2
2
393
3
1
9
3
2
6
21
1
2
58
1
7
9
1
4
758
27
1
1
2
31
333
1
1
5
4
5
27
1
1
4
2
115
2
1
6
2
5
32
411
1
10
1
4
1
1
1
2
1
4
3
2
1
18
1
1
23
561
2
29
3
1
1
63
38
1
1
30
1
8
2
1
4
2
29
3
1
2
2
4
208
9
1
2
9
10
4
1
1
2
450
39
55
1
2
1
574
13
2
1
3
49
2
13
5
2
1223
29
1
10
12
4
1
7
2
6410
1
1
1
80
1
8
5
1
3
1
1
1
1
1
2
1
1
1
1
2
1
2
9
1
1
1
45
3
5
1
30
1
16
4
1
9
1
1
1
1
1
35
1
4
30
15
5
36
1
1
1
2
1
1
7
6
4
4
1
1
3
2
23
5
1
2
15
69
1
2
6
11
1
2
1
1
2
1
5
1
74
1
1
28
2
1
1
72
12
23
2
1
1
286
10
43
13
15
6
1
1
1
2
48
1
9
1
6
1
1
6
2
24
6
1
2
11
2
2
86
1
16
16
2
1
2
59
1
2
1128
39
20
8
3
1
2
1
1
2
2
1319
1
2
5
1
3
1
1
1
5
10
19
8
53
5
3
1
70
16
1
4
1
24
1
1
75
6
10
1
27
1
1
5
1
1
8
1
3
8
121
1
1
1
1
2
3
21
49
65
3
1
454
149
1
89
3
1
1
1
8
5
2
7
1
4
14
1
3
1
3
3
12
28746
9
1
2
1
1
8
1
4390
2
2
5
2
9
11
190
1
93
3
906
19
1
4
3
5
411
1
6
3
1
4
445
12
1
13
8
1
1
1
3
2
1
63
1
5
1
31
1
1
1843
303
5
16
2
1
441
1
1
385
1
10
1
1
28746
94
3
17
2
2
2
1
2
1
1
484
1
3
1
1
1
2
11
4612
4
28
5
385
2
2
1
1
1
2
7
78
1
2
423
70
10
159
10
1
139
1
1
1
165
1
1
1
3
1
1
1
1
2
1
2
1
1
1
1
54
2
1444
4610
1
4
1
1
1
1
2
6
4
1
2
2
1
1
2
1
2
257
75
359
11
2
44
8
63
1
37
2
5
1
872
1
2
1
1
3
3
1
153
4
3
1
3
59
1
2
1
18
10
2
1
1
332
7
1
5
17
1
20
1
1
3
3
5
1
18
1
1
10
10
1
1
4
4
3
5
24
9
489
23
15
263
5
1
4
2
3
1
5
5
4
4525
3
9
2
42
1
2
1
1
2
1
1
1
108
11
1
2
8
40
1
4
2
1
2590
16
1
5
1
12
1
1
1
1
6
5
170
73
146
14
1
5
5
1
519
16
1
1
4
1
28746
8
1143
2
25
1
1
9
4
3
34
1
2
2
15
1
5
2
4
7
1
1
1
3
6
3
2
1
1
1
3
2
16
52
3
45
1
2
1
14
19
2
1
1
43
1
1
4
7
1
416
1
1
6
1
1
1
2
13
2
33
14
8
16
3
1
3
1
94
148
1
1
16
4
1
2
5
5
35
1575
2
1
1
6
1
4
11
111
28746
1
88
2
4
1
69
111
3
4
1
1
2
1
1
103
1
7
1
8
129
25
4
3
20
1
1
1
1
28746
2
1
478
2
8
11
2
2
196
1
3
1
1
1
2
1
7
1
8
51
5
9
28746
2
1
3
1
3
3
6
1
31
1
9
21
1
4
543
21
1
1
1
1
1
2
6
17
1
1
1
2
20
5
31
1
10
1
1
1
1
2
2
5
1
8
31
448
45
3
6
2
8
1
2
1
6
1
748
1
2
1
19
215
4
184
55
8
1
1
29
8
1
14
220
6
1
7
4
4
1
1
5
2
2
1
2
1
342
1
2
1
1
1
4
4
14
447
2
15
1
12
2
75
1
2
1
5
1
2
1
10
12
2
1
1
4
1
2
1
7
5
1
1
17
2
1
1
19
1
2
1140
1
1
1
344
1
9
2
1
2
28746
1
1
2
4
2
1
1
3
1
1
5
154
1646
4
1
394
1
4
2
1
1
3
4
2
11
27
1
35
3
2
1
1
9
18
441
2
2
5
18
6
17
100
5
1
1
1
86
4
2
2
3
53
1
3
1
6
1
1
18
425
1
1
3
2
4
1
2
1
1
80
462
3
9
2
51
1
1
1
2
1
6
1
3
1430
2
1
1
1
9
35
1
2
3
3
1
2
17
17
3
1
2
1
5
1
14
2
1
1436
1
1
372
7
1
14
1
1
1
1
124
11
9145
1
7
8
196
13
5
1
1
1
2
11
1
1
1
29
4
10
3
74
14
1
28746
1
11
11
4
1
1
9
43
7
17
20
4
2
1
6
1
51
2
1
1
1
1
5
1
12
1
20
1
1
29
1
5
1
3
2
6
2
2
2
2
3
2
4
6
4
5
3
2
1
1
1
1
8
4
1
3
1
1
4
5
315
1
7
1
1
5
72
50
2
2
1
3
2
6
1
1
1
28746
1
1
1
1
1
3
1
61
1
1
10
2
1
5
4
1
1
36
1
12
1
6
1
3
1
1
1
20
654
1700
1
5
3
184
411
1
1
4
3
3
1
1
2
1
1
1
1
1
5
2
11
2
1
1
4
1
1
28746
28
3
1
1
28
4
3
4
4
6
3
1
1126
52
24
1
10
1
1
34
1
2
2
1
1
4
4
77
4497
8
4
3
3
2
1
2
151
126
3
1
4
1
2
1
3
1
6
1
31
1
3
1
1
44
2
6
12
35
1
1
53
22
1
1
1
2
6
5
2
10
1
4
1
2
10
1
21
412
1
1
11
3
8
2
2
8
3
1
11
1
1
1
4
2
10
16
38
14
1
2
4
5
1
940
5
2290
1
1
106
2
1
41
13
1
1
40
1
1
1
63
1
1
1
6422
1
1
3
12
1
6
2
2
1
26
29
2
4
446
5
7
152
6
1
1
2
10
1
1
1
2
1
1
1
46
1
1
4
1
9
1
27
1
6
6
10
1
1
2
1
5
5
167
6
7
4
45
1
385
50
2
609
14
104
7
3
1
1
3
13
78
12
10
5
116
2
955
1
5
1
1
2
1
4
2
1
5
2
1
1
6
4
74
1
16
9
14
1
1
93
65
1
204
1
3
10
1
15
1
20
1
3
17
6
5
1
19
7
10
2
3
3
4
1
2
1
8
1
2
1
1
71
7
4
1
73
1
2
1
1
2
15
68
1
1
1
4
1
72
4
3
947
1
1
2
6
1
1
1
1
2
1
3
1
1
2
3
6
1
21
2
2
5
11
34
1
4
2
1
1
6
1
1
8
6
2
19
744
2
1
58
3
1
5
3
4
1
3
3
2
8
1
5
1
242
48
12
1
15
2
2
206
3
1
1
1
2
9
3
1
1
1
6
1
2
1526
88
2
1
6
17
1
158
2
1
8
1
4
2
8
1
2
29
1
27
3
7
8
1
1
23
1
2
1
2
1
1
3
2
9
1
5
1
2
1
2
1
152
1
1
8
5
1
1
1
2
1
47
1
12
1347
2
1
6
7
220
1003
72
2
2
1
1
15
107
1
1
23
1
1
2
3
1
1
1
14
1
1
8
8
80
1
1
2
9
1
76
1
4
1
104
1
1
7
3786
1
3
7
32
10
3
1
11
1
44
297
2
20
3
3
1
2
1
4392
3
6
28746
1
1
5
4
4
1
12
1
2
1
45
1
8
2
7
10
8
2
1
10
14
1
10
11
22
4
6
2
2
4
2
36
6
3
1
2
20
63
1
1
3
1
24
6
1
1
1
26
1
1
5
6
2
6
1
2
1
2
1
161
75
1
2
1
1
1
2
3
3
4
12
1
1
1
1
1
7
1
4
19
2
5
1
1
2
102
1
3
2
2
28746
2
1
1
1
68
3
5
4
3
1
3
3
1
4
1
1
7
935
1
1
1
7
955
5
1
6
5
5
1
4
1
125
28746
132
1
1
50
93
82
1
6
1
1
5
9
131
2
16
7
1
1
6
1
24
16
28746
8
12
1
2
1
7
46
727
6
8
1
1
5
1
1
2
3
1
5
1
1
1
148
11
1
10
1
1
108
1
4
1
1
1
23
4
3
2
9
2
117
4
3
2
3
6
3
3
1
28746
34
1
4
1
1
2
68
1
1
3
52
1
1
1
1
79
3
3
23
1
4
220
2
21
1
1
1
2
1
510
4
7
3
1291
2
4
1
6
2
1
5
1
6439
15
59
20
18
6
1
3
74
1
2
19
1
4
1
1
5
370
4
7
6
28746
1
2
1
10
1
1
1
1
1
1
4
4
3
1
1
1
1
17
9
243
9
1
30
1
1
1
4
1
84
1
1
1
8
2
2
28746
1
1
1
1
71
7
1
2
2
1
4
4
17
1
2
61
1
7
1003
2773
3
1
1
2
1
28
1
5
1
3
3
2
1
92
1
1
2
1
2
1
163
1
4
1
5
2
1
1
1
5
7
1
3
76
3
2
19
3
6
1
2
16
2
1
8
2
2
1
2
1
1
4
1
9
13
1
11
3
1
1
1
789
1
1
9
2
1
1
1
2
7
9
1
6
1
1
13
1
8
2
3
86
1
4
1
29
47
343
1
1
2
8
1
127
1
1
2
2
2
2
7
1
1
2
4
1
62
1
4
1
39
16
1
1
1
1
5
1
28746
66
4
4
6
7
1
2
4
1
1
1
47
2
1
28746
5
6
4
11
1
1
1
1
75
1
1
3
6
3
1
1061
4
1
105
385
69
4504
16
6
1
5
12
75
1
1699
2
1
2
6
1
1
1
1
7
1
102
3
8
18
2
2
1
552
1
3
1
1
1
1
10
2
33
4
1
1
26
1
6
1607
1
3
1
1
2
1
73
1
2
1
2
58
1
1
1
5
1
1
1
5
43
174
1
1
21
7
2
7
9
1
1
1
4
8
1
4
14
72
3
1
1
6
1
1
2
2
12
1
3
1
1
2
5
1
12
1
2
8
1
7
1
10
11
44
1
1
1
28746
28746
6
3
2
1
207
1
3
22
4
3
3
1
1
40
6
103
6
45
14
2
1
2
188
16
6
1
82
2
4696
56
2
1
1
1
1
2
1
2
7
2
1
1
2
1
7
17
1
1
2
1
12
1
20
2
1
1
1
4
2
1
1
2
1319
2
1
2
31
1
115
1
1
10
2
3
13
4
9
56
20
1
73
10
6
1
3
1
650
2
1
2
3
2
1
1
9
13
1
58
1
118
4
1
12
6
4
8
1
1
48
1
2
28746
1
2
1
59
15
2
55
1
1382
31
55
25
1
2
2
2
2
2
1
1
3
28746
59
2
1
1
1
14
1
22
1
1
3
1
256
1
15
34
8
2
1
103
28
1
4
1
2
3
1
1
38
22
1
1
1
1
1
3
422
2
2
2
1
37
1
7
5
41
2
2
3
10
1
6
9
3
1
2
3
3
9153
1
1290
4
4
5
29
1
8
5
8
28746
4
1
34
5
6
74
1
6
171
7
1
75
75
38
4
1
16
3112
4
3
12
1
1
2
1
1
1
2
1
9
1
1
1
22
2
1
1
1
1
1
2
3
5
2
3
1
3203
6
3
33
3
1
2
1
35
1
4
36
1
3
1
2
1
1
1
5
1
29
4
46
1
1
1
1
3
4
4
363
6
2
34
3
1
28746
1
5
3
1
83
7
2
1
1
2
1
10
1
1
7
6
12
7
2
1
40
1
2
1
4
1
2
2
1
1
1
8
8
3
2
2
1
2
10
9
8
3
5271
5
4
4
1
1
1
13
2
2
1
1
16
6
7
1
35
1
59
12
1
2
4
4
6
1
122
22
1
1
1
3
1
8
4
2
1
1
182
1
94
5
214
93
6
3
1
1
12
9
1
92
1
3
4
1
7
1
35
3
1
10
2
102
10
11
18
3
13
1
4
6
5
1
7
1
7
1
1
5
1
1
2
2
2
28
5
1
13
1
2
1
13
3
1
1
1
1003
3
34
1
1
1
1
3
1
1
23
94
164
3
16
29
3
1
28746
1
1
4
4
1
26
1
1
28746
1
1
2
13
88
8
1
1
49
1
4
22
2
67
3
1
2
1
1
50
2
1
3
1
3
1
1
1
28
1
2
1
1197
25
1
2
31
23
1
10
2
2
1
2
1
1
3
2
11
5
5
2
1
5
77
1
1
63
1
6
1
5
2
1
745
1
1
28
1
3
28746
1
1
1
2
247
1
1
28746
3
1
5
1
8
1
1
28746
1
1
1
62
4
1
213
4
1
7
2
11
1
1
16
3
1
230
28746
1
2
12
1
1
11
8
1
8
3
1
3
10
37
7
3
1
1
1
1
3
1
5
4
2
4
1
12
1
812
2
1
1
2
1
4
2
1
2
5
7
3
6
5
1
67
1
1
4
6
7
4
2
1448
76
6
10
9
3
42
1
15
1
1
5
11
1
1
33
3
3
1
4
90
1
8
1
13
1
8
17
12
6
3
5
2
4
2
28746
1
9
1
31
4697
22
1
26
1
2
1
1
80
1
1
7
1
1
1
1
2
1
1
500
3
3
2
5
1
1
5
1
3
71
36
3
2
1
1
37
1
1
1
1
85
1
7
1
6
17
1
1
1
1
2
307
1
228
15
3
98
1
53
1
1
1
2
7
1
2
9
2
2
1
1
2772
2
4
8
25
226
5
8
3
3
1
2
6
1
2
223
83
1
1
2
1264
2
33
3
119
1
8
1
2
2
7
1
5
6
1
1
3
1
5
1
1
1
120
217
1
1
2
3
1
2
3
1
1
87
5
1
1
5
1
3087
2
108
5
1
62
28
1
3
1
3
2
637
1
4
44
11
1
3
40
1
27
1
1
16
28746
3
3
3
1
1
2
1
2
4
1
5
1
1
4
1
1
1
3
2
1
1
3
1
193
1
1
6482
2
28746
3
2
432
1
1
2
7
1
2
1
2
4
1
3
4
1
4
23
20
3
3
70
1
5
1
1
1
2
1
2
1
2
4
3
2
165
479
37
1
66
12
7
1
180
5
5
6
1
2
1
1
5
116
1
3
1
94
174
3
2
1
1
2
16
1
1
1
3
1
3
1
2
120
5
17
9
1
4
54
7
8
1
9
27
12
2
2
1
1
2
57
8
2
1
1
1
3
1
1
2
24
7
1
3
1
1
9
2
273
1
6
35
2
3
16
1
1
7
447
45
3
4
3
13
53
3
48
2
3
27
136
1
1
1
1
3
2
2
3
2
1
1
1
53
9
7
40
1
1
212
1
1
11
1
1
3
15
11
1
1
3
1
5
4
3
1
1
3
4
1
40
1
1
2
1
1
1
1
1
1003
5
1
1
38
1
2
28746
10
35
3
2
2
4
40
2
6
11
1
1
21
3
4
80
1
2
1
1
31
1
2
3
23
7
1
5
2753
2
75
2
1
1
1
1
1
10
6
5
1
5
1
61
3
4
8
2
1
4
1
2
2
5
1
30
2
5
17
10
18
2
11
2
1
28746
1
20
1
2
1
1
2
1
1
7
1
2
110
3
6
28746
5
1
1
10
1
19
19
5
6
69
1
2
1
17
2
1
2
2361
2
6
2
1451
1
1
19
5
1
9
1
1
1
2
83
44
2
10
1
446
1
1
4
4
1
2
1
3
1
4
3
2
41
77
2
1
1
1
8
2362
4
1
4
6
3
30
2
5
6
2
2
8
1
1
12
1
19
2
61
1
2
101
1
4
3
1
9
1
1
5
1
1
1
8
4
2
1
1
1
1
1
1
1
1
1
5
7
30
1
12
4
1
25
202
1
2
2
6
1
4
2
1
10
1
1
1
4
2
4
2
1
39
2
3
13
47
6
4
2
6
2
38
16
3
7
17
385
1
2
344
3
1
1
8
105
2
1
3
1
1
28746
1
4
2
51
7
7
24
3
8
17
1
1
3
30
1
1003
5
2
1
12
1
99
1
1
1
5
1
1
1
19
1
1
10
3
9
1
153
4
2
577
15
1
136
5
1
1
1
2
2
13
7
59
6
1
6
86
11
1
1
8
5
18
3
1
1
8
20
12
179
1
2
1
1
5
7
9
3
1
3
2
51
2
1
3
1
37
1
2
78
47
115
1
3
7
7
1
1
28746
1
1
4
3
21
1
4
10
133
3
1
1
1
1
2
37
41
275
1
94
1
4
5
2
65
6
1
1
1
1
3
1
1
1
33
1
1
1
43
18
1
2
1
8
53
2
3
2
1
1
20
1
5
3
1
1
1
1
1
1
29
4
2
6
1
82
1
6
7
1
1
52
1529
1
1
5
1
56
802
1
1
102
254
6
5
1
3
2
38
35
1
2
1
24
1
1
2
1
109
1
1
1
3
2
12
1003
2
1
3
6
22
9
5
1
226
1
29
2
8
1
33
7
2
10
3
1
4
35
2
65
19
3
2
357
1
2
2
2
2
1
5
1
2
9
1
12
612
3
2
2
3
142
6
2
427
3
14
9
10
2
66
1
1
1
4
44
18
1
5
3
1
2
2
1
1
1
3
1
9
3
23
1
2
1
1
1
1
29
1
12
1
26
1
1
2
1
3
1
1
1
1
2
1
14
2
1
143
1
36
5
31
27
64
1
2
5
2
1
1
2
1
4
1
1
38
1
28746
1
2
1
1
1
1
1160
11
3
1
25
1
34
3
1
5
5
4
1
1
2
25
1
3
1
213
13
1
2
1
126
8
34
3
1
1
5
4
1
1
1
2
1
304
923
5
11
8
13
2
1
1
74
1
33
7
1
3
1
1047
1
1
14
57
7
1
1
1
2
1
1280
2
1
1
15
5
106
10
1
1
1
12
284
1
2
1
247
2
25
1
28
1
1
7
215
5
3
2
30
74
70
1
9
1
12
1
1
2
1
1
2
24
1
4
35
4
47
3
1
13
14
5
10
1
1
1
13
6
1
1
87
4
4
1
2
106
60
1
28746
14
1
3
9
1
14
8
1
4
33
2
1
2
2
50
1
1
2
1
1
3
16
28746
1
8
4
1
1
2
6
2
121
2
13
1
1
1
5
2
9
11
1
1
1
4
446
73
31
1771
2
1
1
41
245
6
1
1
1
2
1
2
1
3
42
1
102
2
1
1
1
6
1
7
7
1
438
1
27
2
3
1
2
41
1
1
11
2
28
1
1
245
16
21
19
1
1
1
1
10
4
1
3
2790
54
3111
5
1
74
323
1003
9
3
99
1
2
1
1
1
3
5
2
4
4
1
3
1
2
1
2
1
1
2
40
3
10
3
2302
6
2
33
28746
1
4
6717
1
256
17
184
2
38
1
1
94
1
1
41
224
15
1
5
2
2
482
1
1
1
3
4
2
5
1
1
69
36
1
2
953
7
2
1
5
5
2
1
3
8
1
3
17
1
13
36
1
1
6
49
1
1
1
2
1
215
39
2
1
4
3
1
6
1
3
4
2
6
1
1
37
1
4
1
4172
107
9
546
4
1
1
20
3
4
48
2
21
17
2
2
1
2
78
4
2
1
1
307
4
228
155
1
1
3
4
2
1
1
2
9
15
1
10
7
345
37
2
23
1
3
5
816
3
2
1
2
3
87
4
2
17
1
2
214
3
1
456
3
1
1
5
3
207
11
10
1
1
101
7
3
3
2
4
1443
3
209
68
1
2
3
1
5
1
4
6
1
1
6713
1
38
1
2
34
1
13
1
32
2
1
1
1
1
4
4
2
2
1
472
4
1
1
1
1127
1
63
5
6
3
32
1
47
27
13
4
7
1
3
1
4
2
1
1
1
49
1
3
14
1
1
1
1
131
180
3
1
136
1
1
1
1
4
1
5
1
203
1
120
1
1
56
6
3
2
1
62
1
1
8
3
6
2
28746
73
1
1
4
1
1
1
3086
2
71
301
4
1
1
8
1
937
30
98
1
2
63
8
14
4
1
2
2
1
5
2
1
1
1
30
2
1
53
1
2
3
1
1
12
19
1
1
1
2
1
2
6
7
1
1850
1
38
3
1
42
3
1
1
102
7
11
2
40
1
11
31
1
1
17
1
1
35
1
2
1
1
1
5
12
2
1
3
25
1
1
2
6
3
37
2
1
10
3
1
1
2
3
20
5
5
3
4501
3
33
2
30
87
43
1
15
52
1
2
2
35
1
1
3
2
2
1
1
6
45
2
5
21
1
1
1
1
6
1
1
3
10
2
1
100
8
1
40
200
5
1
1
7
1
2
1
33
3
1
1
1
2
1
1
1
1
6
8
1
1
13
2
4
94
1
13
4
1
2
1
3
2
2
1
3
1
1
1
1
1
39
1
38
71
31
7
1
3
2
80
4
46
16
1
1
2
8
1
1
1
1
2
4
44
1
2345
1861
2
5
6
10
43
3
2
11
2
4
1
1
63
1
112
6
619
3
14
1
13
2
1
3
6
14
1
1
2
15
3
2
1
445
1
1
58
28746
1
2
2
1
1
1
2
2
2
1
5
7
5
1
452
28746
10
1
1
8
2
8
1
5
1
6
3
1
4
1
5
3
5
1
3
2
3
1570
1
2
84
2
2
385
8
1
2
1
2
3
2
1
259
2
1
1
12
5
3
35
4
32
1
9
1
1
2
3
1
1
1
1
1
21
2
28
1
1
17
3
3
9
23
1
2297
3
5
2
4
1
10
1
1
6
1
144
5
3
1
11
1
2
13
1
6
3
24
1
6
1
1
2
3
1
3
3
6
8
1
122
2
2
1
1
2
7
1
1
1
5
1
2
1
2
2
221
2
2
3
4
5
1
1
226
10
1
1
78
1
1
1
1
1
9
4
93
2
3
1
52
4
2
1
22
2
4
11
1
1
4
1
3
1
53
1
2
1
14
11
2
3
5
70
13
3
5
1
4
1
15
2
12
1
1
1
111
1
1
4
5
22
1
1
1
2
281
18
1
2
13
834
2
1
3
3
1
2
26
1
1
3
1
2
2018
527
14
35
3
1
2
1
8
3
1
66
1
2
1
1
26
1
2
6
1
1
1
15
3
1
16
1
4
1
29
56
6
28746
4
79
1
257
24
15
3
1
2
4
183
313
1
1
1
1
1
53
4
1
1
4
1
288
4
1
2
3
3
1
44
2
1
1
1
1
1
24
2
2
4
1
13
1
1
3
24
1
1
1
7
2
22
3
12
1
10
1
5
1
3
17
1
2
101
12
1
1
2
996
5
2
1
1
1
2
2
2
2
2
2
10
3
32
3
9
1
2
157
2
16
11
2
7
1
95
17
272
1
1
15
5
48
1
1
6
55
1
1
4
11
1
2
43
2855
123
12
1
2
1
6522
1
1
1
1
1
5
1
254
4
3113
3
2
3
5
3
7
1
2
2
1
28746
171
44
6
22
1
91
4
3
5
9
20
2
54
7
27
307
2
45
1
2
2
2
1
13
1
1
1
1
2
2
5
1
3
1
36
3
1
1
2
3
4
1
1
40
1
3
1
6
1
2
1
3
515
1
6
6
7
1
105
1
4
1
2
1
1653
2
2
1
31
1
7
1
11
1
2
15
4
5
1
1
1
1
1
2
3
4
1
18
1
1
1
2
22
1
1
3
1
31
3
1
1
2
1
13
1
4
3
2
6
7
1
1
1
10
273
1
5
1
9
8
3
1
1135
4
2
6
13
6
307
3
6
6
1
1
1
1
2
33
1
1
2
2
1
2
1
1
1
92
1
1
1
2
67
1
11
6
78
2
1
1
20
39
1
1
28746
1
1
1
1
1
1
8
1
4
1
1
2
14
3
973
1
3
20
134
4
1
43
1
1
2
1
1
1
4
1
123
4
133
1
1
1
16
1
1
1
92
49
1
1
3
4
104
1
5
18
2
15
1
1
55
32
1
99
19
5
3
4
659
1
6
2
1
1
4
5
3
2
9
2
613
1
65
2
2
1
1
58
2
20
1
3
2
1
213
1
1
50
2
1
5
2
47
2
1
12
1
813
1
44
11
17
1
138
1
4
1
2
33
1
1
1
1
1
2
3
1
1
12
1
1
1697
14
6
1
2
124
543
1
6
1
2
1
3
2
2
2
1854
5
1
52
1
3
2
8
6
15
2
1
2
4
1
1
2
12
1
1
1
1
1
8
2
1
1
64
1
5
5
5
1
2
561
1
1
320
1
1
1
2
5
1
1
1
2
1
9
1
1
4
1
4
1
2
3
1
1
2
2588
10
9
1
22
2
1
1
1
1
1
64
1
1
2
1
6
3
25
1
1
5
9
4
2
1
181
13
1
1
1
6
1
1
19
2
90
5
9
35
1
1
2
2
1
5
15
2
2
1
1
43
1
451
1
3
3
1
2
1
1
2
57
1
3
3
1
1
3
5
3
3
1
17
1
5
1
41
5
1
2
1
4
138
72
17
1
4
11
144
1
1
3
2
1
1
2
3
1
2
1
8
1
38
4
1
2
12
2
30
1
4
1
2
7
1
2
3
1
7
1
2
17
42
1
1
13
26
1
1114
1
66
50
5
5
1
2
3
3
1
3
2
1
1
1
2
1
1
1
2
2
171
52
1
2
1
418
1
1
9
4
1
1
1
1
1
43
128
2
3
7
1
1
45
2
2
2
50
7
1
1
12
1
1
10
2
3
7
1
25
14
25
1
73
6
7
1
1
180
3
1
39
55
2789
1
395
8
1
2300
5
2
22
1
20
9
1
1
25
5
1
1
2
15
6
69
8
10
1
1
1
13
1
1
2
8
24
17
78
1
4
4
1
5
2
1
1
20
2
54
2
3
20
1
1
14
3
2
1
8
4
1
48
1
2
1
1
7
1
2
1
3
16
2
134
5
3
54
499
1
4
2
1
1
2
1
1
2
1
1
4
3
324
2
1
7
1
2
6
22
1
2
8
1
2
1
1
5
1
1
26
1
6
2
1
17
6
22
52
26
2
2
10
23
10
53
4
3
1
2
1
15
2
2
3
5
73
541
4
2
3
1
1
2
2
8
6
1
2
22
1
1
3
4
3
1
654
2
6
2
2
1
1
3
1
6
8
30
2
2
1
1
6
1
2
1
11
1
3
1
1
2
6
1
7
5
6
1
35
3
1
2
215
4
1
2
2
3
1
1
24
1
36
2
7
15
17
1
1
2
1
17
1
8
1
1
2
101
660
1
20
2
3
1
3
1
2
1
1
5
1
1
5
1
2
1
2
39
1
1
1
83
33
2
2
1
3
4
2
1
6
1
13
12
2
426
79
6
79
3
5
31
8
8
1
4
44
1220
2
2
4
1
34
4
3
6
1
22
1
1
4
11
1
1
10
4
1
1
1
2
1
1243
2
7
19
1
2458
28746
1
1
1
4
173
1
5
5
1
1
1
12
3
214
1
1
1
5
7
1
2
2
1
1
4
1
2
1
1
1
4
1
1
7
12
368
3
45
3337
14
7
5
20
8
5
154
4
75
1
1
4
2
2
1
5
6
5
43
1
2
15
7
2
5
3
4
1
31
15
8
11
21
4
1
4
189
9
5
1
16
32
48
2
2
3
5
12
1
3
21
1
21
50
34
22
1
7
378
2
163
1
1
1
49
3
1
4
1
8
5
22
1
1
2
1
43
2
28746
89
1
1
5
28746
1
5610
1
1
1
1
16
46
1
1
2
1
1
3
1
1
1
1
248
4
1
2
2
1
44
11
95
3
3
2
2
1
2
2
1
1
4
2
2
54
2
4
1
3
1
8
3
272
5
355
1
1
48
1
4
4
45
1
1
18
2
1
33
3
1
15
5
1
1
1
11
1
7
1
28
3
11
6
2
1
27
10
1
3
1
46
1
2
1
540
57
12
1
12
2
1
42
4
1
1
1
1
2
1
1
2
4
28746
1
1862
4
1
2
3
2
1
1
3
1
3
1
1
1
1
5
1
4
8
1
11
1
1
1
242
8
1
2
3
1
1
18
2
1
1
20
3
1
4
7
39
1
6
2
6
2
8
85
4
1
4
9
1
2
4
21
3
2
64
1
1
1
1
40
1
72
1
2
1
1
1
17
1
124
6
1
4
2
1
1
1
1
34
1
1
4
10
1
2
4
1
1
1
1
1
9
3
1
1
4
1
1
1
2
1
1
1
1
42
1
1
5
3
5
1
27
7
1
3
33
7
44
1
2
1
2
46
1
10
2
3
1
1
1
75
14
1
72
3
2
1
4
1
2
3
2
1
119
8
1
2
11
1
75
1
1
11
1
1
1
24
3
1
1
5
1
1
5
4
1046
328
1
3
1
1
1
2
66
9
7
1
1
11
344
2
49
16
1
10
1
1
1
1
1
1
1
1
1
1
276
223
2
4
1
3
10
8
7
1
1
2
1
3
1
1
19
3
1
1
2
3
1
1
3
9
2
18
19
18
7
5
1
1
1
5
1
1
29
181
1
28746
13
1
2
1
9
1
1
8
106
14
1
55
1
1
119
27
5
1
1
3
2
12
5
487
1
1
1
9
1
1
17
1039
105
1
1
3
2
6
15
8
2
3
77
1
13
3
2
20
4
1
12
5
42
2
5
1
5
1
1
2
1
51
4
26
1
1
1
1
1
1
2
1
1
2
2
23
4698
1
385
385
5
3
1
1
1
1
181
28746
10
3
8
2
2
1
1
5
49
1
2
2
4
6
1
9
1
6
1
4
29
6
125
7
1
1
11
2
6
4
3
76
3
5
1
1
1
1
1
1
1
7
40
1
1
1
1
2
3
3
1
1
20
87
2
3
1
2
153
2
19
2
1
8
2
2
50
116
2
2
1
1
1
1
1
17
1
276
43
21
2
1
2
13
65
74
588
1
3
1
29
1572
836
1
8
7
48
1
7
1
1
1
114
2
99
2647
66
6
3
17
1
1
32
7
1
25
2
1
1
26
62
1
75
51
1
3
1
2
2
1
1
2
1
6
907
3
1
4
11
1
1
6
2
1
116
1
24
3
1
1
13
18
1
4
7
5
4201
7
1
2
1
1
17
1
4
1
1
2
13
6
4
1
27
1
1
2
2
3
1
389
7
1
28746
1
1
1
1
8
2
9
3
4
1
1
46
39
1
2
22
39
1
1
37
1
2
1
1
29
1
2
1
2
4
2
449
12
1
1
2
8
1
5
1
3
88
103
3
248
2
6
5
1
72
1062
2
1
1
1
451
5
2
1
2
2
1749
2
3
1
3
5
1
16
4
12
3
1
817
1
49
4
28746
82
1
17
4
2
8
1
3
39
3
7
4
97
1
17
4
1
3
111
99
4
16
1
3
1
2
1
147
1
1
1
1
2
1
7
51
6
1
7
7
1
1
5
1
531
1
6
1
8
7
5
6
1
1
73
4
5
3
1
1
1
13
1
1
8
1
2
8
31
5
1
7
2
1
1320
2
326
15
2
1
2
1
2
1
12
1
1
1
13
8
1
1
1
32
1
2
6
3
28746
1
8
2
4
15
6
1
2
1
2
1
67
1
105
613
104
4
2
1
1
3118
1
2
1
4
1
1
13
11
1
1
2
2
1
1
1
3
7
28746
2
1
9
1
1
105
2
1
1
4
248
1
901
15
1
9
2
1
1
1
1
4
2
307
1
3
3
1
2
1
2
1
1
1
8
1
1
23
7
9
1
1
2
4
1
2
166
8
1
9
1
5
3
2
1
4
512
1
15
34
569
4
2
8
1
4
241
123
3
1
1
1
1
1
1
4
38
12
2
1145
1
8
11
11
10
1
2
1
1
3
306
1
2
8
1
1
1
13
5
1
1
2
6
1
11
1
1
1
2
1
14
3
1
13
2
694
1
7
1
1
2
17
86
28746
2
1
17
1
1
5
28746
9
1
115
1
1
179
4
3
60
11
1
1
3
4
1
6
2363
1
6
5
59
3
1
1
4
1
3
1
2
1003
1
2
1
91
27
1
1
1
1
1
10
1
2
12
3
1
1
1
3
13
3
2
299
3
1
8
2
6
8
5
1
17
2
4
16
1
1
1
1
1
4
3
1
1
1
14
3
1
1
5
24
1
1
52
16
1
21
3
1
8
5
21
1
4
2
67
3
9
678
5
507
8
1
166
237
2
9
11
2
1
4
1
4
420
1576
1
2
1
4523
4
3
3
2
2
5
6
2
471
1
119
27
1
2
1
5
5
1
2
4
1
7
2
2
9
4
1
1217
1
2
8
9
89
777
6
15
4
3
3
28746
1
1
1
11
3
1
1
1
1
22
70
1
2
5
1
14
8
4
2
5
1
75
1
2
4
1
3
1
26
1
1
10
4
1
6
1
72
2
3
2
5
2832
34
88
8
4
2
18
1
41
21
1
1
13
3
2
6
2
3
1
2
1
425
2
1
103
1
1452
470
2
22
19
7
23
5
3
3
2
1
2
1
2
2
2
75
28
5
2
1
13
2
1
17
7
1
859
1
2
1
1
3
1
1
3
1
5
10
1
64
9
676
1
5
35
1
1
18
1
1
25
11
20
1
1
1
2
4
4374
4
17
1
1
171
1
4
1
3
1
186
1
1
2
1
4
9
5
3
8
2
4
7
1
124
5
6
2
6
2
2
24
1051
12
1
3
6
3
2
7
1
1
52
1
3
10
32
1
85
1
2
1
5
29
1
16
4
3
1
3
5278
1
1
1
3
1
1
2
1
1
7
2
24
39
2
2
15
1
17
29
34
1
1
4
1
3
385
1
44
1
47
1
51
6
1
3
2
114
4
1
1
1
8
4
1
4
1
1
1
1
10
7
19
3
1
1
3
2
1
7
1
1
5
1
15
1
1
5
7
7
54
20
280
3
2
2
1
36
7
1
2
1
16
1
1
6
2
3
1
6
286
128
18
1
2
6
1
1
6
6
15
34
1
1
1
7
2
1
5
1
2
1
1
2
4
1
67
2
28746
2
1
1
55
21
4342
1
1
733
1
2
3
2
1203
2
22
1
1
9
1
1
1
42
2
25
1
1
1
1
20
4
1
6
2
1
3
60
1
64
61
1
1
5
1
4
1
2
56
13
4
1
1
130
1
1
4
4
3
26
15
4
1
1
2
5
2
2
1
2
45
9
1
2
1
26
4
16
9
1
97
2584
2
2
2
3
1
3
3
2
1
12
4
2
14
1
1
1
5
4
1837
4
1
1
9
32
2
369
3
1
1
28746
3
1
4
1
1
1
4
30
1
28
2
14
2
3
1
1
2
1
8
1
397
1
17
15
1
10
1
1
3
1
61
2
16
4
217
6
1
34
4
1
1
1
135
34
24
2
11
1
1
3
11
1
2
123
37
28746
2
3
344
5
1
1
1
5
5
11
5
34
198
66
1
1
1
1
1
1
1
12
8
2
4
4
1
917
1
2
1
13
1
28746
4
1
1
118
1
33
5
1
13
16
1
2
2
2
2
1
1
1
7
4
47
8
183
14
16
264
1
1
56
1
4
111
17
90
1
1
1
8
4
1
12
28746
75
4
2
1
1
3
1
1
1
3
1
1
17
9
1
1
1
48
1
2
53
2
1
2
1
2
1
4
243
1
1
1
2
2245
761
14
3
4
11
1
19
1
1
40
3
1
1
1
28746
66
3
805
4
12
1
8
1
1
30
3
180
7
3
3
6
1
246
1
1
6
1
1
6
1
10
5
1
68
1
1
1
2
307
173
7
8
28746
1
48
107
5
1
1
4
10
1
3
3
5
1
2
12
6
1
1
19
1
26
5611
5
28746
1
2
2
1
16
1
7
1
1
162
16
19
3
1
1
19
2
4
19
6802
1
7
1
22
1
6
3
3
2
1
1
2
2
29
6
1
130
7
65
1
1
6
7
385
11
161
3
3
569
1
3
2
2
16
1
1398
3
15
1
1
1
1
28746
1
1
1
7
95
3
8
1
1
3
2
2
1
21
3
12
1048
4
1320
2
2885
15
1
7
1
6
1
1
34
3
3
1
63
4
3
4
35
2
5
3
3
6
1
1
173
1
1
7
1
1
12
5
2
1
2
1
1
778
2
17
4
1
10
6
188
2
1
18
1
43
6
6
7
1
2
3
2
9
14
1
2
1
6
4174
4
24
8
41
4
28746
16
2
1
1
1
1
21
1
3
1
1
1
5
1
6
1
1
2
4
9
6
3
2
8
1
567
44
1
6
2
2
1
85
3
2
215
5
1
2
52
422
4
6
5
1
2
5
1
1379
1
1
149
2
8
168
1
6
4
1
4526
6
31
1
504
1
1
27
65
94
1
3
1
2
1
227
1
13
56
1
1
1
1
35
36
18
2
2
1
1788
1
2
28746
2
1
5
1
3
214
1
1
16
1
1
1
1
1
23
1
307
1
1
5
1
1
23
9
8
1
1
5
1
25
1
2
1
1
14
14
1
1
11
148
10
34
5
5
1
348
2
4
4
6
5
1
1
1
1
1
3
3
27
1
16
78
1
8
10
2
7
2
2
30
2
1
2
3
352
1
1
1
1
1016
2
113
5
40
1
1
1
2
1
1
1
1
1
1
2
1
3
2
1
1
2
2
1
11
133
6
2
2
35
3
1
66
1
1
1
8
2
2
4
1
1
1
6448
3
3
10
3
2
9
1
123
2
17
1
1
1
3
1
1
12
2
1
14
1
1
1
1
3
4
1
2
2
2
1
1
25
4
40
1
1
1
3
10
2
1
20
1608
1
9
7
2
1
49
3
26
2
2
1
7
1
10
1
2
10
25
2
14
5
3
1
4
1
11
7
2
1
2
2
1
1
3
1
11
1
607
1
1
1
1
1
1
1
1
7
2
1
1
6
544
8
5
2
48
2
16
1
2
13
4695
2
2
2
1
60
3
1
40
1
41
3
4
1
11
3
5
1
8
19
33
1
2
1
20
5
1
50
70
5
1
1
19
2
3
2
1
2
249
24
4
83
2
4
1
1
2
3
113
28746
46
8
1
7
32
1
9
19
4
1
12
3
1
5
1
2
2
9
1
26
1
17
3
2
4
1
10
7
28
4
1
1
1
1
11
4
53
6
1
1
1
79
4
88
56
1
1
1
84
14
1
4
8
1
29
3
1
1
347
1
1
2
46
1
1
8
2
1
18
2
1
13
2
1
1
2
9
6
1
1
3
8
1
8
18
149
28746
28
1
1
3
1
1
27
1
1
1
1
6
1
1
52
1
12
1
1
1
1
1
2
2
2
1
1
7
136
28
1
5
1
10
2
1
9
1
1
7
6
4
2
3
2347
2
1
8
1
4
1003
1
5
28746
6
37
2
2
5
147
1
5
13
1
1
2
4
347
28746
1
3
3
5
1113
2
2
1
4
1
2
1
1
2
38
71
18
1
3
3
17
15
6
1
1
2
1
1
67
2
3
3
68
1
12
3
4
588
1
1
3
34
1
49
1
9
36
6
4
28746
1
10
9
2
1
32
2
28746
21
1
26
3
1
1
11
5
1
6
1
32
1
2
1
1
1
10
3
8
2
8
14
1
38
81
6
9
2
16
1
2
4
1
1
1
3
3
881
1
21
1
1
6
9
1
15
2
1
1
1
5
1
2
65
1
53
2
1
89
1
1
1
6
69
8
938
2
1
15
1
2
1
23
3
349
123
6
1
3
1
14
1
18
1
1
3
1
1
1
8
2
96
7
1
1
1
30
2
1
14
99
1
3
1
15
25
34
50
1655
3
1
3
1
1
1
2375
8
1
26
369
33
28746
2
1
1
1
1
1
10
234
1
2
45
1
1
28746
10
8
1
30
1
1
1
2
1
1
1
1
3
75
11
2
2
1
2
2
9
1
1
1
2
9
1270
1
1
10
742
2
12
4
1
28746
4
11
1
4
3
2
28746
1
1
2
3
1
1
1
11
55
15
1
3
1
1
1
23
4
1
4
1
2
1
6
1003
2
1
1
1
13
275
12
19
1
4
1346
6
2
9
1
3
1
2
1
26
1
1
87
1
440
1
34
1
353
3
1
2
1
1
3
1
1
1
2
1
25
1
10
6
3
2
1
1
3
2
2
14
275
1
2
1
6
3
6
135
1
2
5
7
6
1
1
1
35
2
3
57
156
1284
4
20
678
1
1
1
1
2
8
6
5
1
91
1
2
28746
1
5
22
21
2
1
1
108
4390
1
6
3
1
43
1
1
1
2
1
14
2
1
6
3
4
6
1
2
66
2
1
3
2
49
5
1
9
1
25
2
1
2
1
1
1
1
30
299
1
1
1
1
32
17
309
6
1
21
119
76
38
12
29
1
2
6
1
1
7
17
2
1
4
8
1
2
1
22
1
2
1
6423
2
5
2
3
11
10
2
1
3
5
1133
8
1
1
8
1
206
1
1003
10
2
3
1
1
1
1
1
2
1
5
5
2
7
1
1
14
1
12
6
444
2
28746
479
1
5
1
2
5
32
43
7
72
397
8
1
10
1
41
3
5
5
7
56
1
47
1
1
4
3
343
17
1
22
2
1
23
1045
4
4
1
1
19
2
1
6
12
1
6
1
1
1
3
1
27
1
1
1
2
2
4
12
86
11
3
1
1
3
1
9
1
1
29
14
1
23
1
9
12
13
4
2
1
24
4
1308
1
1
1
50
1
7
1
77
3
2
1
3
1
697
1
19
2
36
5
2
2
3
2
10
1
6
1
4
1
4
150
2
5
1
2
4
2
28746
18
1
1
2
17
2
1
1
410
28746
40
3
4
1
5
1
21
32
1
1
1
1
1
2
26
12
7
1
27
2
1
1
1
266
2
2
1
37
1
2
3
1
1
64
10
771
1
1
8
2
10
1
3
121
1
1003
16
6
6
1673
3
2
1
12
1
26
1
7
25
65
3
3
1
58
1
1
2
9
4
47
8
873
2
5
3
2
419
1
1
2
1
1
28
2
1654
1
4
75
18
24
34
70
2
4
2
1
1
45
4
33
2
21
2
2
3
631
1
1
58
2
2
458
1
2
1
1
4
4
7
12
7
2
31
140
2
2
64
1
1
2
1
1
391
3787
44
1
3
1
62
3
28746
1
2
6
1
1
1
4
1
1
2
1
2
1
40
5
6
1
1
65
2
2
28746
1
1
1
1
1
2
3
1
3
1
1
1
20
10
4
179
2
9
1
1
3
2
2
385
736
1
11
1
1
13
5
17
46
12
1
4
15
409
3
2
2
1
2
1
6
11
4
1
1
23
1003
7
28746
1
2
4
1
3
2
3
1
1
9
3
386
457
1
7
9
3
1
3
2
2
14
53
4
1
1
2
2
6
784
1
2
1
1
6
1
1
1
46
1
1
2
76
1
1
10
1
1
4
24
1
2
208
1
1
6531
1
17
2
3
7
2908
1
1
3
1
2
1
1
1
1
28746
3
1
3
4
1
6
34
1
5
13
1
2
5
2
2
2
1
2
553
41
2
6
419
9
4
28746
3
2
5
1
9
1
61
3197
1
2
1
9
1
12
1
2
46
1
1
1
1
2
29
12
2
2
6
1
1
1
1
1
2
3
1
6
3
3
9
148
1
2
1
6
3
4
2
1
270
1
2
4
222
1
1
1
23
4
68
1
1
5
3
1
1
3
4
1
8
1
2
1
2
2
1
1
2
3
28746
19
5
1
2
1
1
1
2
3
1
1
1
4176
1
1
4
9
1
11
1
3
2
1
2
1
2
1
2
5
1
1
1
788
10
1
2
1
2
1
2
11
2
1
6
3
2
2
1
1
1
4
1
1
12
1
3
1
44
1
1
1
18
1
2
3
2
3
5277
8
7
1
1
6
1
105
17
4
3
2
1
1
10
7
1
1
1
2
13
57
13
4
1
4
756
5
1
22
119
2
1
11
15
1
10
3
1
83
1
2
3
19
3
3
579
1
2
1
2
21
3
8
1
9
1
9
1
14
1
3
6
2
1
2
3
1
1
1
1044
5
6
28746
3
4
1
1
6
4
1
244
6
1
1
6523
1
2
10
6
6
3
17
3
71
9
4
1
21
3
1
5
28746
3
1
2
1
11
4
39
1
3
29
101
40
36
3
1
28746
1
2
5
13
2
2
85
1
17
1
8
2
1
1482
2
3
2
212
3
1
3
1
7
2
410
7
1
10
1
3
2
1
31
9
19
19
1
5
2
1
1
2
1
1
93
4526
3
5
15
1
6
1
6
4
87
4
1
21
3
1
19
1
2
5
6
1
2
7
1
2
3
1
1
1
1
3
1
1
3
5
35
10
3
4
8
1
72
1
4
2
1
7
2
2
5
8
3
6
4
3
3
1
10
1
3
1
1
3
3
1
2
1
3
32
25
16
108
1
1
4
1
1
1
2
6
19
23
1
2
1
40
4
1
2
222
22
3
2
1
1
42
6
2
2
4
2
61
19
1
216
12
232
1
4
1
8
40
14
38
14
1
2
3
10
1
1
4
54
1
1
1
1
4
1
1
3
1
2
1
1
3
41
1
6
1
20
9
16
2
1
10
10
26
1
1
7
10
1
16
2
2
3
30
9
1
1
1
3
14
2
19
3
1
1
1
2
1
2
1
1
1
9
2
1
2
1
5
3
2
22
1
1
1
1
7
2
1
1
4
1
26
1
1
78
1
34
1
28746
1
72
3
1
3
2
2
6
1
2
3
5
1
1
3
3
3
1
3
1
20
1655
4
5
2
1
7
4
3
1
7
8
2
304
522
18
1
173
39
2
1
22
1
7
3
1
15
9
31
1
14
1
4
10
1
6
2442
2
1
21
1
1
64
1
9
1
1
2
1
5
28746
1
183
286
1
5
1
5
1
5
2
2
26
1
59
2
1
1
1
8
4
1
2
1
38
2
2
1
6
14
2
14
40
6
2
3
3
42
2
7
10
2
4
1
1
1
1
2
2
3
4
1
28746
50
2
8
3
6
4
2
4
2
2
2
2
2
1
3
1
47
1
1
1
2
1
3
1
98
1
4
2
40
1
1
1
2
1
1
1
1
16
25
17
67
3
3
1
1
1
1
1
35
1
1
18
8
4
1
1
1
3
2
28746
6
1
4
5
6
9
1
7
7
131
63
1
1
1
1
10
2
1
1
1
1
4
98
3
4
15
17
3
1
4
72
1
2
1
5
11
2
2
11
621
2
1
30
1
487
15
1
2
3
2
2
10
2
1
13
5
38
34
1
3
112
6
1
4
6
1
2
2
2
30
1
18
34
1
1
1
3
1
11
1
1
2
1
6
1
218
2
5
3
5
1
1
2
5
2
4
4
13
1
1
13
34
1
2
4
28746
1
1
1
2
317
2
1
1
2
2
45
2
1
10
1
1
29
4
1
141
62
1
1
2
23
2
3
196
305
65
1
1
7
12
77
2
1
5
2
1
2
9
1
11
3
1
1
221
1938
1
1
54
1
15
1
10
61
1
2
3
73
8
46
1
2
1
38
8
3
2
4
5
5
1
37
5
3
31
3
2
6
7
7
283
35
8
1
3
1
1482
1
11
1
2
1
1
1
6
24
3
6
1
1
128
28746
4
2
192
579
1
1
1
2
14
9
1
3
4
1
811
49
1
42
1
1
1
1
2
3
4
1
1
45
3
5
1
1
1
3
46
76
10
13
18
75
2
56
26
2
28746
1
3
2
1
1
139
5
4
1
28746
1
14
2
1
19
1
1
3
589
18
1
1
1
8
1
1
3
6
2
1
18
3
37
1
1
2
1
6
114
2
1
6
21
1
1
4
12
1
1416
1
2
1
11
1
3
1
4
1
2
3
21
1
7
2
1
1
1
1
1
1
19
16
1
1
1
1
4
500
1
1
1
1
2
10
1
6
2
1
1
1
3
4
2
348
56
1
11
1
4
12
1
2
1
1
5
1
28746
1
109
11
1
1
11
1
1
2
39
3
1
1
1
3
21
1
8
1
1
1
17
1
1
27
1
15
1
1
2
2
1
10
12
6
3
2
108
1
1
1
1
5
1
1
1
3
6
2
14
5
1
1
3
2
28746
10
7
2
1
1
1
7
1
1
6
279
2
2
31
1
87
244
16
1
2
2
1
1
3
1
10
2
9
1
7
2
8
6
1
3
1
19
1
1
3
1
3
1
5
1
1
1
2
1
7
1
9
1
1
2
9
28746
15
1
2
65
14
1
1
1
24
180
1
11
5
1
1044
1
1
6
28746
2
1
1
3
3
6
16
6
1
1
3
11
2
27
2
1
14
1
2
6
67
1
1
1
1
15
420
7
125
1
1
2
57
1
2
7
28746
26
14
9
233
2
4
2
1
49
1
1
56
4
4
28746
1
1
6
1
2
1
1
1318
1
1202
9
3
3
11
1
9
2
1
1
70
1
1
1
1
221
2
732
3
5
43
3
55
1
5
1
3
6
18
7
3
64
1
3
1
3
8
1
1
2
4
8
6
19
4
8
1
2
1
29
1
1
1
1
2
1
1
1
31
28746
2
4
2
1
1
3
28746
11
23
20
2
8
1
17
31
2
1
1
1
68
1
1
11
3
29
28746
2
3
208
1
190
1
2
4
1
1
2
28746
2
1
1
1
1
1
1
4
1
2
1
5
3
6
25
13
1
14
1
2
4
3
1
4
1
1
5655
4
1
1
1
5
19
1
1
1
25
2
2
5
1
1
1
1
1
2
6
1
2
2
3
548
2
6464
40
7
4
4
1
1
14
9
2
2
1
1
7
3
58
49
4
1
12
1
1
2
1
1
8
1
1
1
3
1
1
2
349
61
1
3
173
51
1
1
4
1
3
4
1
1
2
3
2
65
28746
4
4
2
4202
1
59
1
1
4
2
1
16
1
70
1
10
1
3
6
3
11
6
298
6
1
15
1
582
1
3
28746
23
1
1
2
5609
2
1
1
1
28746
4
199
1
1
1
6
1
1
1
1
13
299
2
453
1
1
1
1
53
3
1
1
2
1
1
23
4
1
14
1
8
20
40
1
7
74
2
1
2
1
7
266
12
1
129
3
11
1
2
705
1
1
19
3
3
1
12
9
12
4
38
1573
3
3
28746
2
3
1
28746
1
2
50
67
1
9
92
1
1
1
2
9
5
1
3
7
4
2
6
3
1
4
1
1
1
40
1
1
1
16
1
2
1
4
8
2
9
1
1
24
1
86
1
1
1
1
1
1
1
2
5
1
2
3
12
1
1
1
4
5
1
220
2
7
4
9
2
3
2
16
1
13
1
10
5
1
1
3
1
30
3
6
1715
1
24
2
7
6
17
2
1
16
1
7
1003
1
1
1
116
1
2
2
1
1
1
2
3
4
1
148
4
2
7
1
1
3
60
9
5
8
1
5
1
1
2
348
511
1
3
4
1
1
1
2
1
1
38
1
2
11
11
2
1
2
3
9
7
1
22
1
1
2
1
1
1
2
1
3
8
2
8
87
4
4
1
1
5
1
28
1
1
33
1
24
20
1
5
3
2
1
1
1
28746
1
1
228
2
1
1
3
48
1
11
3
2
5
1
1
14
228
7
11
2
3
2
10
4
31
30
3
20
1
4
1
1
185
5
42
1
3
1
5
352
4
1
5
1
104
1
336
78
2
6
13
1
16
1
3
1
2
6
7
11
3
1
1
1
5
1
2
1442
4
56
10
3
1
1
30
1
1
52
1
187
1
3
1231
1
13
2
1
8
1
5
6
1
3
16
3
3
2
10
2
4
27
6
1
28
1037
1
1
1
6
3
1
2
1
5
45
2
1
4
16
2
1
3
1
98
17
6
2
4
12
1
1
1
1645
1
1
4
3
2
37
24
5
1
1
70
85
2
11
28746
9
2
1
1
2
4
1
1
1
1
17
2
7
15
2
1
42
2
34
225
6
21
2
2
2
8
1
5
1
2
2
1
1
52
2
83
1
3
2
10
1
1
1
7
18
395
21
15
3
40
13
28746
4
1
1
2
1
4
1
2
15
1
1
3783
1
2
1003
5
1
13
1
1
3
3
1
6
8
18
1
31
1
108
6
4
2
1
1
2
2
2
1
1
2
1
1
1
227
2
2
10
6471
2
1
4
1
1
4
10
1
2
5
4
1
1
1
28746
41
3
5
3
11
4
2
1
1
1
1
1
4
4
2
4
2
17
33
6
1
14
1
81
2
1
1
1
17
25
2
4
1
2
1
85
1
2
11
1
1
5
3
1
62
2
1
1
3
22
4
1
3
38
1
4
1
1
12
7
6
1
2
1003
1
1
37
2
13
1
2
1
3
1
1
112
19
1
2
5
162
6
6
1
19
62
1
1
33
2
18
10
1
2
2
1
5
29
1
1
1003
25
3
21
1
1
14
3
23
100
1
2
1
7
5
2
3
1
1
18
1
1
18
284
1
1
1
1111
44
1
62
15
2
6
8
36
3
1
4
4
1
3
3
1
3
227
2
1
1
28
1
20
1
6
205
1
10
1
3
7
1
3
1
4
23
2
103
8
1
520
227
32
1
1
1
2
8
1
5
1
1
8
82
5
1
192
3
1
11
2
5
11
12
3
4
2
168
9
1
2
1
12
19
3
7
26
6
82
1
6
1
16
1
3
1
1
76
13
14
3
1
33
6
1
1
1
1
14
1
5
1
4
3
1
120
2
1
1
55
1
15
1
3
1
1
7
1
1075
2
3
12
11
4
2
5
1
3
2
3
53
1
49
7
4
1
20
1
633
35
7
1
1
6
1
1545
1
1
7
5
22
1
1
1
222
11
1
10
3
102
1
1
4
7
1
2
1
1
2
3
1
1
8
1
2
71
1
8
24
1
3
1
3
4
1
13
3
1
447
1
2
1
8
4
1
4
2
13
49
4
1
2
2
4
7
1
3
14
3206
3
1
1
29
4
7
689
1
16
2
1
1
1
385
9
1
4
3
154
1
1
20
505
22
1
17
1
2
2
3
31
7
2
2
2
2
6
19
9
2
1
1
2
7
4
11
2
2
134
11
9
1
1
3116
101
1
1
1
4
5
4
798
2
1
44
1
8
3
2
1
3
90
1
2
1
1
2
1
1
345
2
1
6
78
20
3
1
1
2
2
3
1
128
1
1
12
2
1
4
3
1
1
1
1
1
24
1
1
10
2
2
1
1
7
5
73
8
29
94
1
2
1
6
28746
1
1
63
1
66
3
2
2
1
28
169
35
2
7
40
2
108
1
1
7
2
6
1
1
12
3
1
3
10
6
1
5
9
2
4
1
3
2
2
1
1
8
1
10
2
1
72
1265
1
4
1
1
112
4
2
3
1
3
4
3
46
2
7
2
19
5
1
1
18
2
274
3
1
7
65
4
6
7
2
4
1
21
6
127
2
40
2
389
2
10
1
2
1
1
4
99
3
2
2
3
1
4
8
2
19
1
1
5
1
2
1
1
2
51
1
1
2
2
3
224
1
1
2
5
2
25
11
3
2836
1
6
3
1
1
307
16
1
11
2
10
1
113
124
554
2
49
1
3
5
1
6516
2459
2
2
4
1
1
15
1
1
1
12
1
1
391
1
5
1
2
2
2
3
6
24
2
1
56
2
12
29
1
3
1
72
3
1
2
3
1
2
1
2
28746
1
4
1
263
2
12
1
1
2
68
4
63
2
1
1
2
216
1
19
38
4
20
5
1
54
3
2
2
1
4
5
1
25
57
12
5
1
1
65
15
3
2
5
35
2
2
2
1
3
1
51
258
1
1
1
1
3
2
6
1
8
23
2
40
42
28746
4
3
2
1
1
7
1
9
1
1
4
6
123
1
4
4
1
4
1
1
1
1
4
1642
9
1
2
7
3
1053
1
1
3
21
2
4
63
1
1
2
14
8
6
1
4
10
1
1
29
4
17
4
1
1
18
1
1
10
12
1
1
1
5
1
2
827
523
15
10
39
8
1
385
249
2
4
1
63
1
3
2
459
1
104
1
2805
1
7
1
5
8
2
9
1
2
36
1
18
1
1
5
2
1
3
17
28746
1
7
10
1
5
1
2
9
3
14
152
1
2
2
3
1
1
4
1
2
10
32
1
114
4
4
4
4
1
72
24
1
1
1
292
2
19
27
1
31
1
1
1
1
1
1
1
1
9
1
11
28746
8
2
15
1
24
1
2
9
2
213
490
1
5
7
5
2
41
1
2
1
1
1
1
1
8
2
138
26
11
2
5
4
1
20
2
2
1
1
1
1
4
259
5
16
2
1
1
2
71
223
1
9
2
4
1
23
71
1
15
1741
10
2
28
2
1
3
2
18
1
7
1
89
6
6
3
1
1
4
2
140
1
9
2
3
1
1
2
97
2
2
1
2
413
10
3
5749
12
1
5
3
1
10
1
2
28746
2
2
1
13
18
65
1
1
3
180
24
89
1
1
1
1
1
2
3
1
2
1
3
4
11
1
1
1
14
2
1
53
1
27
2
2
11
1
25
1
18
4
13
1
6
104
1
1
7
1
3
88
1
36
83
2
2
2
1580
5
1
1
1
174
4
1
5
2
2
1
3
24
1
11
3
134
19
5
1
7
1
2
1
16
1
2
1
4
1
227
1
1
4130
7
6
2
2
2
1
2
6
28746
1
8
2
91
1
51
1
1
7
1
2
3
4
1
22
4
1
4
1
9
5
1
90
4
2
1
3
51
16
3
1
1
1
101
8
8
5
509
26
3171
4
2
1
1
18
2
22
1
98
45
59
3
1
1
1
1
4
4
2
1
5
1
1
2
6
10
1
1
2
2
6
1
1
8
176
2
1
1
2
7
1
5
2
4
1
1
1
4
1
1
1
9
17
1
2
1
4
9
2
4
13
48
1
1
1
5
2
6
7
1
1
1
1
6
1
3
1
1
15
1
6
1
1
17
1
13
28
2
1
18
4
1
1
101
5
1
2
1
2
6
2
90
11
1
6
1
2
1
2
7
1
3
3
116
100
19
4387
1
2
21
1
1
100
1
8
12
1
4
1179
2
1
4
4397
2
4
53
1
20
1
1
14
8
6
99
5
4
114
1
1
1
660
10
28746
4
2
1
3
3
54
1
15
2
23
100
1
1
1
3
2
1
1
1
3
8
2
1
1
1
2
6
2
1
18
1
1
3
2
3
1
28746
1
2
3
7
2
11
1
7
1
658
65
2
1
55
2
1
73
6
11
2
1
1
1
56
1
26
12
5
3
3
12
1
64
2
30
1
1
5
2
1
1
4
4
8
25
2
1
80
321
334
4
2
1
3
3
1
1
1
3
5
24
2
2
3
1
4
20
3200
1
2
1
53
14
1
1
1
40
3
5
2
310
3
6
49
1
2
6
2
5
1
1
2
99
1
67
1
3
1
1
4
2
1
2
2
1
1
2
1
1
1
1
7
1
2
1
2
62
1
1
5
8
2
1
3
1
1
122
3
5
4
4
2
1
23
1
3
3
5
2
5
5
1
3
990
1
2
9
1
8
1
2
1
1
28
1
1
526
1
1
1
4
1
2
2
86
1
1
197
2
44
18
51
3
1
1
18
54
2
2
46
4
8
8
1
2
4
1
1
1
1
4
1
6
3
2
3
10
1
3
174
1
2
1
1
1
2
1
129
2
93
1
17
6
3
1
1
1
1
1
1
1
36
4
1
2
1
141
11
5
1
28746
1
1
12
18
2
1
42
5
4
13
2
8
14
1
2
654
8
25
17
9
1052
1
7
8
1
1
3
22
40
38
78
1
1
385
21
16
1
4
1
16
7
1
14
1
1
2
9
32
3
2
1
149
32
3
2
3
47
1
4
2
4
1
3
18
1
2
1
1
1
1
595
11
1
3
121
1
1
6
1
1
1
38
1
2
7
3
2
2
1
1
699
4
9
4
1
2
2
50
3
1
1
4
1
1
3
1
11
2
119
16
2
1
2
1
14
2
4
1
221
2
2
4
1
4
2
3
1
8
1
3
4
3
1
20
9
3
9
1
585
7
10
17
3
2
77
1
5
25
15
1
1
64
1
3
9
1
2
3
2
4
4
1
1
2
1
3
5
11
3
1
17
2
6
22
6400
835
1
2
3
1
5
12
1
72
1
2
9
1
3
3
1
7
4
1
1
1
1
3
4
1
2
14
1
1
34
4
2
4
1
1
7
1
70
385
7
1278
5
1279
1
7
1
1
3
2
1
1
1
1
69
23
17
1092
937
1
3
1
1
1
1
19
4
176
1
16
1
2752
2
2
2
9
5
2
3
2
2
30
2
3
1
1
466
18
278
3
49
6574
1
1
3
1
7
1
2
3
9
1
3
6
2
8
27
4
28746
2
1
8
1
18
26
34
1
80
299
4
1
2
5
1
1
9
2
1
34
1
101
1
6
1
4
1
6
106
2
191
17
1
8
1
551
3
1
13
2
5
1
1
3
1
39
1
2
7
1
3
8
1
1
1
107
1
1
846
2
4
1
1
1
1
5
27
11
1
2
1
1
1
1
130
1
2
14
1
10
2
46
25
1
1
2
11
1
3
2
5
1
42
1
1
3
5
2
1
2
1
1
2
3
2
4
33
1
29
2
8
20
1
1
4
38
1
1
92
1
1
1
1
10
1
28746
3
3
1
12
1
61
19
74
1
1
57
15
1
2
25
5
6
1
5
1
1
1
1
3
2
5
5
9
1
1
1
1
2
1
1
6
216
4
3
1
1
178
33
5
1
3
1
8
4
2
2
1
11
1
1
200
1
1
39
1
1
1
11
20
24
28746
1
1
375
2
2
3
1
1
8
13
12
7
2
3
1
74
3
2
70
1
1
3
5
7
42
1
4
12
104
2
2
1
18
2
6
618
1
61
4
3
6
1
21
3
1
4
4
9
3
5
18
673
2
1
5
1
162
5
1
677
3117
21
35
1
214
1
48
4
65
423
2
1
1
1
2
1
7
2
3
16
10
1
5641
7
2
61
12
37
1
38
7
33
1
2
4
2
7
2
2
1
1
1
3
5
6
2
95
1
10
10
108
1
1
1
1
1
1
1
8
2
1
4
58
1
5
5
1
1119
2
30
3089
1
1
2
15
1
5
1
1
1
5
1
3
3
8
1
1
6
25
1
1
1
6
21
20
1
512
6
1
1
3
4
7
1
2
8
2
1161
2
3
2
13
2
1
2
934
6
5
14
2
6
144
1
1
2
1
6
1
6
1
4
2
749
1
1
1
187
3
1
3
2
4
3
1
1579
135
4
76
356
4
1107
17
1
16
1
1162
1
4
1
4
6
1
2
4
5
3
22
134
3
23
2
6
1
1
4
1
41
1
8
2
16
1
49
1
3
13
3
1
33
5
1
1
12
1
1
1
5
6
22
7
1268
1
2
61
1
1
5
1
14
1
28746
1
1
171
9
23
5
37
1
1
1
423
10
1
88
1
1
2
1
12
3
12
1
10
3
4
10
1
4
105
2
1
224
2
1
8
85
1
12
5
17
2
10
16
2
23
3
40
1
1
3
1
10
1
5
32
3
1
1
9
4
1
1
3
7
8
5
1
5
1
2
307
1
13
1
3
1
9
1399
1
1
3
2
2
2
2
71
3
1
1
3
47
8
5
4169
1
233
3
747
4
7
1207
2
10
93
1
1
1
5
2
1
37
5
3
1
57
94
2
3
1003
28746
58
1
39
1
30
5
2
53
2
3
20
71
2
1
1
32
5268
1
1
3
11
64
4
1
2
1
3
2
351
105
1
28746
1
1
2
17
1
29
45
1
1
1
1
1
1
1
1
62
11
1
28746
3
1
8
1
4
4
12
14
3
1
25
2
2
1
10
1
3
168
1
2
6
17
92
2
1
2
13
28746
1
42
1
1
3
1
2
13
1
1
1
1
1
1
1
1
8
13
649
1
28746
3
1
3
6
2
1
1
25
71
1
3
10
1
5
1
7
3
2
4
2
82
7
2
19
1
1
1
1
1
3
18
1
33
4
384
92
1
7
2
9
4
13
1
20
19
186
8
1
1
2
1
3
3
11
31
89
6
5
259
9
9
43
1
1
11
216
191
35
1
1
1
105
2
10
1
1
1
4
197
1138
1
20
3
57
1
2
1
4
4
1
1
4
1
13
1
21
1
1
2
28746
1
1
1
68
2
1
26
43
2
4
2
1
77
17
3
2
1
6
10
72
5
3920
78
1
2
1
1
67
1
13
58
39
2
3
2
1
1
1
5
3
4
2
1
1
72
1
1
1
6
2
1
1656
1
15
319
1
839
14
3
2
549
1
2
46
9
6
21
4
1
3
862
8
5
2
3
1
1
1
2
1
5
10
148
2
2
1
1
5
233
7
11
111
1
4
2
3
3
1
1
1
2
60
8
3
1
4
89
4
1
1
1
1
2
2
30
1
1
131
1
1
2
1
1
2
3
29
36
2
7
190
13
8
1
4521
8
7
1
1
1
1
3
1
1
5
5
4
1
9
9
2
1
124
1
53
1
2
1
1
6
1
2
6
3
1
49
1
13
1
8
1
614
1
11
1
1
5
1
38
1
10
2
1
1
2
4
3
4
1
2
1
5
7
1
2
2
113
3
10
1
2
1
5
3
1
2
1
7
4
2
1
1
91
33
10
11
163
32
14
4
1
1
12
8
1
2
7
4
1
2
8
3
1
67
1
1
1
418
6
1
4
1
3
20
1
1
1
1
1
2
1
28746
1
1
1
1
4
1
1
27
4
16
1
2
65
7
2
5
1
37
1
3
78
1
28746
7
1
1
1
2
1
59
2
1
2
35
1
87
5
46
6
1
6
2
3
118
4
2
2
289
31
1
3
28746
5
10
14
1
1
14
1
2
1
1
1
2
39
42
1
1
5
2
1
352
1
6
1
13
1
2
252
4
5
3
4
1
198
28746
1
1
4
4
1
2
23
2
29
4
3
2
5
145
2
17
10
1
3
20
2
1
4
4
14
15
8
1
9
8
1
42
1
3
1
1
2
8
2
1
4
1
2
11
7
1
1
63
7
114
38
2
90
9
4
1
2
3
3
1
57
1
1780
1
2
1
1
1
4
1
5
7
4
1
4
4
1
2
1
1
1
10
2
124
634
47
10
12
1
2
1
1
5
4
3
4
2
17
1
21
63
1
11
6478
1
1
3
16
1
1
1
11
2
118
1
14
51
1
3
1
1
1
3
32
1
90
29
6
448
1
1
3
1
55
1
1
77
1119
1
1
2
4
183
3
1
18
1
24
1
89
2
1
21
2
3
2
1
73
1
3
1
18
1
1
2
1
2
1
15
1
4
215
1
2
2
3
7
2
1
1
1
15
1
4
3
1
70
1
1
52
85
1
6
4
2
2
1
1
7
1
5
5
1
2
1
3
1
45
1244
3
40
19
3
1
1
822
1
28746
4
7
6
5
1
2
5
1
2
3
2
2
17
2
1
1
8
2
1
1
2
3
3
1
28746
1
72
1433
1
3
1
1
1
28746
4
1
3
1
24
1
3
2
1
4
4
1
1
3
108
1
2
1
2
1
1
60
2
7
1
5
4
2
1
1
3
1
2
4
2
5
1
1
8
1
2
14
4
1
1
115
1
1
3
1
1
1
1
1
34
1
1
1
3
1
1
5
3
1
1
1
1
2
5
1
2
344
7
1
1
7
1
5
4
1
2
1
1
8
1
2
1
1
6
1
3
1
2
4
1
1
1
21
84
1
2
5
5
1
13
35
1
14
452
8
1
1
2
23
1
1
31
25
6
25
10
8
1438
2
11
450
3
4
18
1
1
209
1
348
1
2
1
2
9
1
11
21
7
1
992
1
1
4
4
1
3
1
1
8
1
7
5
12
3
23
1
3
1
56
5
28
1
3
1
3
135
12
15
1
198
2
1
3
198
25
8
17
4
1
1
1
307
2
9
9
1
3
1
5
4
1
3
1
77
12
1
39
2
3
3
3
41
1
28746
3
3
3
17
1
2
17
3
110
38
4
13
24
80
1
2
106
1
34
5
1
523
1
1
3
1
27
1
1
4366
1
10
28
2
15
1
35
5
1
22
521
1
19
1
12
401
2
28746
28
41
117
1
1
8
2
1
2
1
1
4
5
1
8
2
1
7
2
1
5
1
1
3
7
1
11
2
4
23
10
42
1
1
2
1
539
3
8
1
21
2
18
1
28746
7
2
1
1
2
3
2
92
5
25
4
2
1
1
56
147
1
1
2
1
1
21
1
2
5
1
5
8
9
13
67
1
13
10
2
7
95
1
16
26
3
2
33
55
22
32
1
4
1
11
2
2
92
1
42
1
1
2
1
22
10
1
1
45
5
3
2854
9
103
110
1
1
4
5
1
6
4
1
132
10
3
1
1
2
1
6
30
4
1
3
1
1
1
27
1
1
184
1
24
1
22
2
4
1
231
1
7
3
1
1
2
8
8
3
52
1
48
22
1
33
1
4
3
7
1
2
6
2
1
5
2
1
2
21
135
3
2
121
89
1
3
2
10
3
1
1
4
3
1
1
28746
3
293
13
8
1
62
114
12
1
10
1
4
3
2
1
2
2
40
2
1
446
1
1
1
19
18
15
2
2
2
17
3
12
1
1
2
2
15
5
13
1
1094
27
2
1
2
1
6
1
119
73
7
1
107
1
2
3
17
1
2
7
3
261
2
2
7
1
1
999
1
1
1
2
26
1
1
28
7
5
4
28
1
3
5
1
487
1
13
38
1
1
70
10
13
1
12
2
2
2
1
11
1
1
51
5
1
6
1
6
2
27
1
1
3
1
2
11
9
103
2
3
42
2
20
2
1
11
5
14
1
1
1
16
4
7
1
3
13
5
11
33
7
1
1
15
1
3
28
23
197
4388
4
272
1283
11
2
1
3
3
4
21
1
2
1
6
1
5
5
1
1
1
85
1
15
1
16
1
5
2
2
1
49
6
1
29
1
1
1
4498
14
3
3
2
1
1
1
1003
18
1
8
53
128
20
1
1
3
33
1
3
31
6
2
1
2
1
1
17
5
1
1
1
3
29
28746
1
1
1
1
216
3
2
1430
66
29
1
150
3
2
46
2
2
1
1
90
57
1
44
6
42
1
1074
1
1
1
1
1
8
1
4525
1
8
28746
18
24
2
1
67
2
9
5
1
1
2
13
1
6
1
3
8
2
4
3
1
1
2
79
17
711
2
1
1
3
28746
4
2
1
1
210
1
2
1
1
18
5
1
1
18
1
1
7
2
1
9
2
1
41
1
2
5
1
1
1
3
2
27
53
5
23
1
147
3
1
45
1
32
2
30
9
5
2
3
1
1
2
1
1
2
1
1
447
1
11
2
5
1
2
1
12
2
1
1
1
342
4
10
1
2
1
11
3
49
1
1
1
841
6399
1
1
3
1
2
1
6
2
1
1
5
1
1
3
9
1
1
1
7
30
14
2
28
11
1
2
1
1
1
1
4
48
12
1
39
36
2
5
2
5
3
5
1
1
2
9
3
2
28746
38
1
4
323
8
1
2
49
1
13
2
4
1
2
1
5
25
8
102
2
1
2
4
7
3
6
315
38
68
1
1
3
1
5
103
5
1
20
4
1
2
1
1
11
8
1
1
30
2
1
9
5
7
75
1
1
28
21
2
200
11
63
49
253
4
1
5
1
1471
2
1
67
1
6
1053
2
1
3
1
3
4
1
1
1
3
1
12
2
1
1
3
3
1
57
1
1
2
4
2
2
21
1839
2
3
4
16
68
1
1
1
1
2
1
2
1
1
22
2
26
1
1
2
1
5
5
3
5
3
1
62
1
2
105
1
1
2
7
1
6
30
10
4153
1
1
1
20
4
1
1
4
7
39
2
1
1
2
13
1
6
29
2
4
1
1
2
83
1
1
1
2
1
2
34
2
2
3
68
7
1
41
3
2
1
2
1
2
1
2
1
1
1
5
78
9
2
4
179
8
4
4
5
3
2
37
4
1
57
4
20
2
2
4
3
4
3
38
1
2
1
2
1
1
1
1
12
1
13
1
101
3
1
4
2
2
6
1
1
1
199
3
1
442
2
1
1
10
5
1
5
2
76
2
2
1
3
1
6
1
1
1
1
1
6
40
1
5263
1
1
1
4
2
2
2
1
8
26
2
28746
2
1
209
1
1
1
7
5
1
1
19
1
8
1
3
1
1
11
4
544
4
1
158
471
2
30
8
204
118
1267
8
2
1
2
1
1
1
17
4
2
19
10
1
6
6
2
1
4
1
1
247
2
1
1
2
2
2
6
568
1
4
3
1117
3
2
4
19
524
1
10
16
2
1
33
5
1
14
17
4
22
2
2
2
5
14
1
8
1
7
4
1
115
1
15
1
2
4
73
1
1
1
1
1
2
2
7
9
3
1
1
88
1
1
1
120
3
1
32
1
26
3
6
2
27
6
1
424
263
5
1
1
8
5
9
6
1
1
6
1
10
1
1
4
4
1
2
3
371
2
3
4
1
1
1
62
7
1
1
1790
1
12
21
11
15
1
5
1
1
120
2
31
133
1
1
3
421
944
2
1
2
1
6
1
1
18
10
10
5
47
1
5
2
1
1
1
7
1
1
1
75
14
1
106
1
4
1
1
1
1
3
1
1
4
1
1
1
10
1
1
4
6
1
12
1
1
2
71
12
2
56
73
6
174
3
1
1
6
3
1
4
1
1
2
2
1
4
1
1
28746
2
1
2
13
1
4
1
2
11
221
1
2
7
2
7
24
4
465
6
3
5
3
58
1
5
2
329
1
1
1
1
1
7
480
3
1
1
1
1
2
7
35
2
1
3
1
3
1
818
1
43
1
93
30
17
1
3
1
1
7
8
5
1
1
4
12
1
5
11
3
35
1
5
2
1
1
1
70
2
2
1
2
4
23
3
1
2
25
1317
1
7
3
1
3
6
5
25
1
54
1
89
2
1
6
3
2
20
1
2
8
1
1
1
3
32
1310
2
1
4
1
45
1
2
2
2
21
5
6
448
78
1
2
1
587
2
1
3
58
2
3
28
1
13
3
64
1
4
2
12
9
1
1
1
19
5
1
385
1
4
1
1
40
1
3
3
1
75
1
1
1
1
20
3
2
51
3
18
3
1
2
3
9
10
1
1
14
15
33
2
1
1
5
1
16
106
1
1
1
32
54
660
28746
20
19
1
4
60
1
78
1
2
1
4
1
2
8
1
20
20
16
1
1
50
1
1
385
7
4
1
2
1
15
4
1
4
5
3
1
2
1
1
7
29
24
1
939
1
19
1
3
1
1
46
41
3
10
1
1
1
2757
4
1
2
4
1
1
4
1
2
15
668
3
4
14
2
18
1
131
1
3
1003
3
4
1
9
1
345
3
2
6
1
1
1
2
1
1
1
29
6
97
6
2
1
698
86
1
13
6
2
1
5
2
10
9
1
1
1
5
1
20
2
4
4
323
1
2
1
3
1936
1
1
3
1
1
20
1
29
1
2
4
1
3939
1
1
3
33
1
7
4
1
1
4
5
22
1
3
1
1
4
1
848
16
5
1
3
1
3
18
3
1
3
1
21
1
133
6
28
34
2
3
1
52
2
3
243
13
36
3
1
45
1
1
6
8
1
49
1
1
3
3
1
2
2
1
17
1
1
1
28746
153
1
2
1
9
1
16
44
1
1
1
3
49
3
1
2
20
3
1
3
1
1
1
1
26
1
3
1
1
3
10
46
2
1
8
1
2
1172
2
22
108
19
4
1
13
8
2
1
1
4
399
2
118
24
3
64
3
7
3
1
106
3
1
1
4
8
1
2
1
2
50
3
1
1
1
1
13
5
7
1
1
8
13
20
1
23
5605
2
2
39
1
1
1
3
28746
28746
6
511
1
1
1
5
15
3
4
3
52
1
65
12
12
6
1
1
7
5
10
1
2
1
2
1
2
1
1
1
113
1
6447
1
123
4
6
2
4
4
1
254
1
2
17
2
27
3
1
29
1
6
102
1
6
3
1
5
1
1
1
2
1
1
1
1
1
9
4
1
3
4
1
1
5
1
4
3
11
1
12
4
49
36
3
1
13
1
1
1
1
136
287
2
103
2
2
1
1
2
1003
3
22
1
1
88
1
5
38
5
1
1
3
1
9
3
1
1
1
6
1
1
1
95
174
2
7
235
2
2
1
1
73
15
5
1
1
14
4
1
1
1
10
6
2
1
1
17
265
3
1
7
82
1
1
1
1
1
213
303
2
1
6
1
6
6
8
1
1
5
87
117
6443
2
3
1
117
74
26
36
1
1
4
39
1
20
12
4
1
2
1
1
7
5
3
1
7
1
31
2
1
1
1049
15
1
1
36
1
1
78
2
2
4
3
8
102
1
2
1
12
13
3
14
1
2
1
1
1
3
1
1
1
1
1
1
61
1
2
1
2
9
21
1
1
1
4396
7
1
45
5
1
1
19
2
1
4
38
1
194
12
1
1
1
5
2
83
1
1
1
1
1
5
4
3
3
3
19
1
1
1
3
1
8
1
15
7
1
1
58
1
2
1
1
8
1
4
25
36
1
205
1
7
19
1
461
2
1
49
1
28746
2
3
1
20
1
1
1
1
1
9
1
1
4
49
2
15
1
3
7
2
1
1
1
4
1
925
1
1
31
1
1
854
2
6
26
11
1
2
1
1
3
2
1
116
4
1
2
5
1
1
18
1
5
2
1
2
1
147
15
1
115
18
14
1
3
1
1
2
1
3
62
2
4
218
7
2
1
14
1
1
2
2
1
1619
12
13
3
1
1
271
2
2
10
1
26
7
8
4
1
4
1
1
1
6
3
5
1
1
285
1
4
1
7
2
13
1
1
1
2
384
725
69
4
91
10
1
4
200
1
1
1
2
17
1
19
18
19
3
103
1833
1
3
1
1
2
1
39
1
5
118
14
1
8
1
23
98
5
12
5
1
2
4
1
3
3
11
98
2
1
1
4
1
1
10
2
1
1
72
1
2
6
182
4
48
9
19
1
167
1
3
5
1
933
17
1
11
2
1
20
1
1
1
4502
477
7
43
7
775
3
1
3
7
3
2583
2
8
5
29
3
208
5
1
28746
1
3
6
1
1
3
1
3
1
1
731
1
4
79
1
1
51
1
1
3
4
1
1
385
47
5
9
2
5
1
7
1
1
6
6
9
2
1
2
13
7
1
1
2
2
17
787
3
1
1
1
76
1
3
1
1
3
35
3
18
19
9
5
307
2
1
2
110
1
19
1
3
1
1
1
1
4
4
13
3
3
3
1
1
28746
1
3
1753
39
13
81
1
1
2
6
138
1
1
2
1
6
1434
3
1042
1440
1
924
54
1
1
619
1
3
13
1
2
1
1
5
5
1
1
1003
94
1
2
1
1
11
2
2
1
1
2
3
1
1
34
136
84
24
2
1
1
1
5
147
2
61
3
120
5
1
1
687
1
8
22
1120
3
5
24
1
1
3
2
4
578
2
9
1
2
121
1
5
1
6
16
1
2769
3
2
1
2
3
1
214
3
1
66
68
6
3
5
69
1
1
105
6
1
2
9
2
1
1
2
2
4
14
125
1
1
1
3
2
1
3
9
2
42
26
1
3
1
28
3
16
35
2
8
1
747
3
620
2
9
6
1
2
8
1
8
5
1
1
1
1
5
3
2
307
6
28746
1195
991
11
1
1
1
5
2
1
1
3
18
2
1
137
2
3
1
119
1
2793
14
7
22
1
174
3
1
2
1
2
38
1
20
1
1
7
9
2
1
7
156
1
1
1
3
2
1
2
16
1
209
1
5
1
1
137
14
16
1
2
14
2
1
10
30
1
3
1
1
8
5
1
17
3
2
7
1129
3
221
1
3
1
1
5
1
1
3
15
36
1
1
2
3
1
357
20
5
1
3
5
1
1
3
73
114
3
13
3
111
21
121
1
51
1
1
1
296
1
4
9
2
122
1
1
1
17
86
24
142
4
2
28
251
7
1
2
2
2
1
5
5
6
1
2
3
10
1
8
29
1
1
1
2
3074
2
395
1003
3
6
1
3
11
684
2
3
3
2
2
1
3
1049
1
52
2
7
3
17
100
2
1
1
9
404
16
1
1
10
1
45
20
728
1
4
2
546
1
7
2
2
1
1
26
1
5
1
65
259
2
3
53
2
1
25
3
41
22
1
1
3
1
2
1
1
1
2
1
7
42
1
3
1
4
1
2
2
1
28746
31
2
3
1
40
50
1
1
21
3
1
1
5
16
10
2
1
13
118
1
1
2
8
3
12
7
3188
3
2
12
1
6
7
1
8
1
28746
2
1
4
11
86
1
206
9
18
19
7
2
1
2
3
1
385
385
5
1
7
43
2
9
3
15
70
34
3
19
55
1
8
1
28746
12
21
2
1
8
1
1
2
6
1
5
5
1
1
1
62
1
6
1
22
1
1
39
1
314
4
9
2
10
2
1
1
4
2
1
1
1
58
4
153
1
1
20
1
5
2
7
6
98
2
1
1
2
1
2
2
3
6
4
10
4
2
1
1
203
78
3
1
90
2
18
1
2
66
1
1
1
1
1
4
7
1
1
1
1
2
14
1
8
4
55
2
10
31
15
1
1
44
3
1
1
1003
2
11
6
28746
19
1
1
5
1
1
1
2
1
2
2
6
1
131
2
5
3
76
1
1
2
4
1
4
7
305
1
1
1
1
2
8
1
121
2
2
4
26
111
1
2315
24
1
2
10
1
1
1
1
302
9
15
2
28746
1
1003
1
457
4
1
3
1
1
33
82
1
1
4
1
2
1
1550
1003
3
4
58
13
1
1
1
3
5
4
3
1
1
13
3
2
25
1
7
1
2
1
1
4
1
1
4
17
1
2
1
1
1
5
11
1
2
1
11
1
5
19
1
1
1
756
5
14
5
787
3
1
6
6
1
17
62
1
2
1
4
15
104
186
1
1
4
14
2
2
18
9
5
4
1
1
1
2
2
6
2
1
3
2
3
15
7
1
1
1
4
1
1
3
2
9
1
2
1
6409
1
4
5
1
1
1
1
4
3
4
1
15
11
8
1
54
15
1
8
1
2
2
1
67
1
1
10
12
2
3
12
8
1
3
30
27
2
7
76
1
3
14
1
5
5
187
2
3
8
6
22
1
4
4
3
2
1
1
2
2
5
5
1
2
1
1
5
4
1
1
2
1
2
14
4
9
2
5
1
3
1
5
1
44
2
956
2
93
2
1
4
2
6
1
1
1
8
15
3
1
5
3
767
1
237
1
1
35
6
1
1
10
1
571
1
151
148
26
4
1
1
1
2
1
12
1
97
1
1
69
2
1
20
1
1
1
1
6
117
2
1
16
2
18
1
5
1
453
17
1
2
5
3
3
5
12
2
482
1
1
3
38
86
656
4
2
6
1
1
1
1
153
9
1
1
2
3
42
12
1
13
1
356
1
7
2
1
1
2
2451
1
1
1048
197
1
1
3
4
12
1214
2
92
1
1
4
6
2
3198
153
3
5
2
231
1
2
4
92
1
13
3
31
47
5
3
2
2
23
70
1
1
17
27
70
15
1
9
1
4
54
1
29
1
4
71
1
1
27
6
2
33
28746
1
1
15
29
74
2
1
1
1
2
1
1
1
56
1
22
2
3
1
1
46
1
5
107
2
2
34
3
1
2
21
6
2
13
1
16
2
1
1
1
5
2
49
1
176
1
3
90
28
1
5
5
660
1
29
1
9
1
1
48
8
5
1
1
5
1
43
760
42
1
1
44
1
1
42
10
6
1
1
212
3
7
26
14
11
1
2
616
1
5
60
107
9
29
1
4
1
1
1
2
7
18
2
1
1
1
1
1
1
21
15
29
3
1
7
89
1
4
1
2
1
1546
1
2
16
12
1
1
3
33
60
1
7
10
1
1
121
1
18
2
1
3
1
1
77
11
1345
1
1
1
4
2
6
2
13
2
2
15
1
1
7
2
55
1
3
5
2
1
1
4
3
8
61
2
1249
7
1
227
2
2
3
6
4
3
69
3
34
1
2
6483
17
1
77
1
2
6
1
5
15
27
1
1
8
6
16
209
1
110
3
167
8
1
3
1
4
2
1
1
1
1
1
1
5
2
16
1
28746
2
3
2
2
3
1
8
1
1
8
4
1
11
1
2
4
2
340
489
273
1
1
1
1
2
3
90
2
1
1
2
3
1
1
1
13
9
1
5
1
1
23
119
3
315
1
1
1
1
5
45
25
13
12
34
2
1
1
1
1
3
3
11
10
1
9
4
4
1
5
1
1
89
1
14
2
62
1
6
1
307
414
2
108
1
1
2
72
45
1
2
1
1
38
2
7
1
175
16
1
1
129
4
3
7
3
1
1
63
13
1
35
1
3
1
1
1
5
2374
4
16
11
13
1
1
3
38
1
2
15
4
9
4
1
3
523
6
3
13
34
1
14
1
59
1108
1
1
27
13
1
105
1
2
4
1
1
1
1
1
4
222
3
218
1
2
1
1
2
3
1
12
279
2
1
36
1
1
1
2
89
1
21
1
1
1
45
23
2
849
39
1
1
15
15
2
6
1
73
1
4
1
1
1
2
1
4
3
3
4
6
1
1
1
14
2
1
7
1
1
3
1
1
1
1664
1
1
1
1
2
56
73
7
3
9
3
851
2
3
3
421
2
5
79
3
52
8
1
1
1
15
1
3
1
1
9
26
4
1
45
1
2
5
4
2
3
1
37
3
13
1
4
1
3
1
1
5
1
4
4
1
1041
1
1
1
4496
2
2
3169
1003
1
1
6
43
29
2
14
28746
1
6
22
12
9
811
58
1
16
10
1
3
1
70
3
1397
3
3
2
1
1
1
1
1
4
1
1
6
1
22
1
5
7
1
192
5
120
7
1
1
2
2
8
9
1
4
1
1
2
4
41
26
1
1
1
15
4
1
3
1
7
81
3
3
1
1
1
1
1
2
2
1
1
1475
1
1
1
6
4
1
1
1
1
1
1
1
82
5
4
2
4
28746
1
3
1
1
1
1
1
28746
3
1
3
1
3
51
6
28746
1
4
3
2
1
10
56
24
7
1
16
13
2
1
136
119
1
1
3
1
1
11
30
10
3
1
31
3
5
1
1
11
1
10
9
1
176
7
60
62
1
3
4
4
124
4
6
1
11
3
1
6
1
615
1
2
1
1
2
1
2
2
1
1
3
1
69
3
103
1
1
5
1
919
78
100
56
1
5
1
10
1
3
1
20
2
5
421
1
81
6
31
4
5
3
1
1
1
5
3
4
49
1
1
153
6820
1
3
2
3
10
2
8
1
1
1
1
5
18
1
3
14
1
1
1
24
4
3
2
5
3
1
1
2
11
1
1
9
1
1
17
1
9
2
4
42
3
3
1
1
2890
3
2
3
11
119
99
1
95
7
3
8
1
2
117
1
5
1
82
2
2
245
1
3
2
2
1
17
1
1
1
1
3
6
398
6
1
2
54
4
7
3
8
13
1
1
1
1
1
1
6
3
1
3
10
1
3
1
2
1
1
1
1
2
3
13
1
2
2
54
1
3
5
1
1
1
39
8
1
5
1
157
10
2
1
5
215
8
1
3
17
15
12
2
1
1
1
1
24
7
2
1
1
122
30
5
15
43
120
1
23
77
1
1
1
1
1
2
1
1
5
2
2
2
1
1
1
1
1
1
3
1
6
4
5
20
5
21
10
1
3
1
4
9
6
1
13
529
22
6
1
290
5
12
2242
6
1
1
1
8
2
2
1
5
2
5
1
32
7
21
1
3
7
1
1
2
63
1
2
1
1
1
3
8
64
7
1
1
2
1
8
1
1
3
19
1
6
3
6424
7
2
15
2
48
1
1
2723
4
1
3
1
71
1
2
3
1048
1
21
1
1
1
8
1
1
22
1
6
1
1
5
2
11
305
1
1
10
1
1
1
18
1
1
1
28746
2
1
22
1
3
1
1
1
1
2
5
1
2586
2
1
15
1
1
9
34
5
3
8
1
1
6
1
1
4
1
5
111
1
3
33
1
3
1
1
68
1
1
8
83
1
18
12
2
4
11
1
25
127
1
23
3
1
1
19
1
2
6
1
1
2
1
7
14
1
109
2
1
35
2
15
21
1
1
1
8
3
1
7
1
8
9
1132
1
78
7
1
1
6
840
1
1
7
85
21
2
1
6
1
130
44
52
1
116
6
10
3
2
3
1
6
1
1
58
1
1
8
1
2
1
1
2
1
14
1
61
4
7
105
2
1
2
3
1
1
1
1
5
1
2
1
15
375
1
1
4
5
3
2
6
17
1
1
30
17
2
45
1
21
2
5
8
2
1
4
14
5
1
1
1
100
1
1
20
20
1
2
1
2
28746
1
4
2
1
4
1
4
2
1
3
1
2
6
1
1
7
1
1
214
6
1082
7
779
1
3
6
46
2
12
31
4
9
6
3
567
1
13
3
1
1
2
3
66
1
9
1
9
1
7
45
6
25
2
66
5
6
3
4
1
5
1
1
1
7
2
111
4
5
1
1
211
15
4
2
3
3
1
11
1
29
14
1
2
1
1
1
1
5
10
49
2
277
7
1
1
1
3
1
6
7
6
2
4
2
7
16
6
1
2
3
1
7
9
1
6487
1
3
1
4
52
3
25
70
1
1
17
1
1
1
1
11
5
1
1
1
3
3
2
1
20
2
2
2
8
2
1
1
4
3
2
4
24
1
178
1
2
4
1
6
1
18
1
2
81
72
2
1
1
3
57
1
1
2
5
4
23
1
1
1
1
2
3
64
1
36
2
1
26
3
1
1
1
2831
72
2
53
23
581
3
19
2
3
2
307
75
2
64
3
3
108
15
79
2
28746
1
2
1
1
16
3
2
28746
3
1
4
1
1
2
2
11
11
1
2
1
155
46
2
5272
4
1
1
3
4
1
1
27
36
4
10
1
1
5
1
4
6479
1
5
466
1
173
3
3115
10
1
2
4
1
2
5
1
23
2
1
2
1
1
1
3
1
3
15
1
1
1
47
1
2
1
1
28746
8
3
2
20
1
1
18
1
1
27
3
95
4
7
1
9
1
1
1
1
2
1
2
4
2
1
4
564
15
1
182
2
1
1
3
2
316
536
1
1
1
23
5
1
385
4
28
1
1
39
1
3
1
6
5
3
2
1
2
1
5
1615
2
1
4
1
2
19
1133
116
2
21
243
2840
3
107
3
2
5
81
10
1
75
1
39
1
1
1
1
1
21
1
5
1
2
2
13
34
24
1
1
5
7
531
1
16
27
856
6
212
2
310
2
1
4
1
4
105
1
2
1
1
2
154
2
223
1
1
1
2
27
1
2
2
1
6
235
190
42
1
1
1
2
1003
10
1
1
11
3
1
4
1
3
50
1
1
1
3
3
1
3
292
1
5
1
1
15
8
1
4
2
1
66
58
101
1
14
42
1
1
5
1
11
3
22
3
1
42
2
1
229
1
3
20
15
1
1
286
1
1
4
1
1
5
1
32
1
3
1
1
1
358
3
1
1
4
1
20
1
3
1
1
1
7
1
1
1
1
1
73
19
161
3
1
1
2
1
1
22
1
38
5
27
1
2
9
23
141
18
4
2
1
22
4
9
5
34
936
12
8
34
6
9
8
2
11
1
1
4
1
1111
1
1
1
2
1
2
5
8
1
24
3
11
5
3
3
1
1
5
3
1
525
8
4
2
12
13
14
3
2
5
2
1
1
1
3
1
1
4
3
7
1
45
837
1
16
2
97
1
183
280
4
1
1
3
1
9
1
79
1
1
1
12
1
1
3
7
1
1
2
4
55
10
1
5
43
4
1
2
941
22
241
5
8
33
1
6
34
25
1
1
2
3
2
80
3
1
1
11
5
25
1
2
1011
1
2
581
3
2
70
1
1
1
306
4
2
4
4
2
4
1
7
1
1
46
1
3217
1
3
3
25
1
1
4
1
8
4
1
2
1
2
52
6
1
7
1
2
185
1
3
1
2
5
11
1
11
1
2
1
2
2
5
1
7
2
1
41
12
22
5
1
1
1
1
8
12
8
1
1
1
5595
2
5
1
1
3
1
1
1
18
10
6
1
1
2
16
7
3
4
2
1
1
1
1
526
50
2
95
87
2
3
77
1
1
1
1
2
2
1
10
70
4
1
2
111
3
1
16
1
1
1
16
1
2
7
57
1
9
21
3
1
59
33
3
1
46
1
2
1
478
5
1
1
110
24
16
2
1
1
2
12
3
44
66
1
36
2
2
1
3
1
1
4
2
1
3
1
54
3
42
19
1003
1
2
2
8
1
1
3
2346
1
2
1
1
1
2
2
25
3
1
2
4
3
7
4
2
11
1
3
2
1
35
5
10
1
8
6
19
10
5
1
2
2
4
173
2
12
2
2
16
1
1
5
1
2
1
18
3
1
3
1
4
2
6
1
3
1
8
1
199
7
4
192
4
1
1
1
11
1
1
60
69
4
1
2
1
86
1
3
1
1
3
13
6
1
1
2
117
55
10
2
2
1
13
1
17
1
607
6
1
546
11
475
25
1
37
1
11
4
112
1
11
2
12
2
1
4
2
4
95
2
59
2
3
1
1
5
3
3
1
4
1
993
6
3
1
3
6
16
1
96
1
2
22
1
1
5
693
5
6
2
6
15
3
15
15
11
42
399
1
3
1
1
1
1
3
9
1
3
2
2774
10
15
4
2
1
23
1
9
5
2
1
33
1
89
2
4
1
1
10
1
2
1
1
10
1
6712
1
3
3
1
182
6
63
1003
1
1
8
1
431
3
1
18
1
60
1
2
6
1
1
2
2
88
6
1
7
1
1
2
7
1
6
1
1
1
4
282
1
1
1
1
5
1
56
1703
80
1
3
3
2
3
2
1
7
1
1
3
145
7
1
104
9
33
15
1
1
42
1
20
1
4
3
2
3
4389
1
2
4
6
45
10
3
13
17
30
4
2
9
19
8
28746
1
1
5
2
18
1
1
1
19
2
13
1
25
132
1
5
327
10
5
11
12
61
1
4
101
1
7
1
184
1
15
67
12
1
3
4
2
5
1
3
1
48
1
11
221
77
1
4
6
1
62
39
5
5
2
1
9
7
1
5
38
7
1
2
1
2
1
51
2
10
1
3
10
1
1
5
2
3
1
1781
1
1
1
19
2
2
4
38
1
1
1
9
8
2
1
1
2
35
8
10
1
21
2
8
7
1
1
7
5
180
1
1
1
1
2
1
1
1
16
5
4
4
1
1
1
2
1
5
1
3
1
2
1
1
96
2
10
1
8
57
3
28746
1
1
8
1
1
5662
32
6
2
3
4
1
310
1
16
1
21
14
4
1
8
1
7
56
1
1
7
18
3
1
2
2
12
1
1
3
3
2
25
1
2
2
1
69
24
1
1
1
1
56
10
1
10
385
1
1
2
67
7
2
1
1
6
37
1
1
545
11
2
1
2
2
2
1
3
1
15
1
20
1
42
5
3
3
1
2
58
35
1
2
1
1
8
2
1
42
1
4
1
1
11
1
2
2
2
509
2
2
499
2
17
1
2
26
2
3
1
4
1
7
3
43
2
64
35
4
133
1
6
56
3
112
13
1
1
8
1
1
6
45
1
1
28746
4
9
1
1
1
1
2
1
40
4360
26
2
2
2
68
1
1
69
1
3
1
1
1
4
1
1
1
4
1
254
11
1
1
1
20
44
31
1
2
1
6
1
1
1
2
1
29
1
11
5
2
59
182
2
1
1
1
19
20
81
4
11
3
7
1
12
1
1
1
2
2
2
13
1003
2
1
5
1
2
1
1
32
1
2
3
181
2
1
3
1
3
168
3
1
9
7
9
8
3
2
1
4
1
15
2
1
112
38
229
1
9
2
2
1
9
2
1
8
1
4
1
236
1
2
1
1
2
7
1
156
2
22
8
188
13
1
3
1
1
1
8
38
2
5
2
2
2
1
4
30
1
137
15
1
1
3
6
1
3
1
2
20
5
1
2
12
20
24
1
3
6
8
90
2
2
6
153
4
11
12
5
1
1
27
1
6
1
154
11
71
2
43
91
1
164
1
1
1
6
1
1
19
307
1
1
4
1
4
1
18
379
2
19
20
24
2
15
1
2
2
10
1
2
43
1344
7
3
13
1
3
1
765
28
1
8
1
1
1
1
10
2
5
1
9
3
1
1
15
2
28746
2
1
7
1571
1
2
37
1
1
1
854
16
186
17
1
5
4
2
8
43
12
1
3
1
85
1
1
1
2
212
13
1
1
1
7
1
1
125
1
540
9
3
1
1547
1
5
1
1
9
5
2
1
1
9
1
3
54
1
21
2
5
9
1
1
4
5
3
4
860
5
3
3
1
1
2
28
1
19
1
9
1
2
1
10
2
4
1
15
13
6
1
1
1
43
10
3
4
1
3
1
1
3
1
5
1
3
1
3
1
2
2
10
1
1
2
1
1
1
271
1
1
8
4
1
1
3
1129
4
6
1
1
1
12
2
4
245
2
4
1
2
5
1
1
188
2
39
95
73
27
1
336
1
4
18
2
1
2
2
1
1
3
1
4
1
2
1
2
1
2
1
1
1
63
1
1
1
3
1
2
1
2
2
21
76
938
1
6
24
1
12
1
5599
1
1
3
6
1
45
1
7
1
1
1
11
2
28
1
24
1
1
2
2
1
5
2
1
41
1641
5
32
1
4
2
4
26
4
2
4
1
21
1
1
3
3
41
7
2
1
1
1
1
1
1
3
93
1
1
10
3
3
636
54
1
14
1
6
1
5
2
2
86
1
5
7
1
4
1
2
4
1
1
48
1
1
6
3
1
2
5
203
1
23
24
1
1
3
25
1
1
3
15
9
52
5
1
1
1
3
4
4
1
1
10
1
1
8
2
1
2
2
1
10
8
6
8
1
55
2
2
1
4
1
1
1
5
2
2
1
1
1
16
3
1
8
1
121
1
14
2
3
2
7
1
2
1
1
1038
14
2
1
2830
1
4
493
11
11
15
3
4
1
2
34
1
44
1
1
8
1
2
1
61
50
5
1
10
9
5
128
36
1
2
1
12
3
3
1
8
9
4
76
1
83
17
1
545
1
1
25
1
1
3
1
1
2
1
5
541
2
149
3
4
1
1
1
3
1
1
2
1
1
1
6
7
15
4
1
13
1
4
9
343
12
1
76
244
1
2
6
1
4616
2
2
2
7
4
5
1
8
1
2
1
1
1
1
14
757
1
4
7
5
209
10
776
1
1
3
1
1050
1219
15
1
1
1
2
199
5
7
3
5
24
12
24
2
2
5
8
1
12
3
1
11
1
1
2
1
2
1
37
1
1
2
768
2
1
2
2
1
2
8
103
7
1
97
3
2
1
1
2
1
15
57
1
4
310
1
2
3
1
1
1
1
9
1
2
3
5
1
1
7
12
3
1
1
2
1
18
1
2
7
1
21
1
1
148
7
4439
2
2
6528
8
2
1
2
1
1
127
1
14
4
13
1
2
1
1
1
1
7
1003
307
3
4
5
32
1
1201
4
11
9
2
1
1
8
284
38
16
1
2
3
1
1
2
2
3
1
1
1
13
8
22
21
3
20
1
52
29
3
1
12
1
2
6
4
1
1
1
13
1
1
1
2
2
1
3
1
1
3
1
4
1
2
4
4
2
1
98
660
2
27
5
1
14
23
4
62
2
1
1
105
1
1
3
1
4
1
3
8
1
1
5
2
1
19
1
1
27
957
47
3
1
385
7
1
1
3
1
2
99
29
69
1
126
1
1
2
1
1
3
94
2
9
23
4
5
3
2
1
2
1003
6
19
1
1
5
4
1
3
3
5
5
8
1
1
2
13
6
1
42
2
6
2
3
1
27
4
414
1
2
6
1
357
28
5
13
3
1
7
19
3
1
1
6
8
1
1
1
7
279
15
8
1
7
34
7
4
18
31
25
28746
1
1
3
1
72
2
14
4
105
1
1
1
1
13
1
102
2
69
79
2
2
25
1
2
1
2
1
1
2
3
1
88
5
2
2
1
3
27
18
181
1
1
1
2
76
16
1
7
2
43
1
1
1
1
10
11
9
3
1
3
6
3
1
26
7
1
1
2
2
64
1
2
935
33
5
1
1
65
1
74
11
1
3
24
1
1
3
4
1
7
15
1
167
4
12
1
1
4
1
67
65
181
54
2
18
4
2
2
3
3
419
69
52
7
5
2
14
38
1
3
1
30
1
2
1
5
9
2
2
10
9
1
3
1
2
19
1
1
183
1
1
8
1
14
17
1
228
4
54
127
149
1
3
1
2480
12
1
2
2
1
2
2
1
1
18
133
1
29
2
1
1
2
1
1
4
52
22
2
68
6
5
8
1
1
1
11
1
81
13
9
1
1
3
69
108
1
1
3
1
5
47
19
16
17
131
2
1
8
1
4
1
4
36
2
93
1
3
1
1
1
1
1
2
1
28746
2
1
8
20
1
2
1
3
2
1
2
2
2
1
28
2
4
1
1
28746
2
1
1
1
6
12
1
28746
1
121
10
1
5
1
3
2
91
2
29
3
2
56
936
3
2
1
1
1
3
1
2
1
10
7
3
2
1
1
1
1
4
3
3
1
21
1
5
1
1
3
6
6
1
1
1
4
1
47
1
1
25
2
9
3
53
91
420
1
5
6
2
38
2
102
1
1
1
9
6
2
2
1
1
1
1
1
5
3
1
2
1
10
2
1
3
2
3
6
1
1
4
74
3
1654
1
231
1
461
8
1
28746
2
2
2
1
14
5
1
11
2
1
1
16
4
1
2
1
2
13
3
2
1
6
1
2
63
1
23
4
2
6
95
9
41
3
3
1
217
4
2
2
5
53
1
2
1
1
4
3
1
1
1
1
2
1
1
1
1
3
5
1
5
1
6
2
1
4
6
1
2
1
1
100
1
2
5
23
20
4
1
4
1109
24
1
1
2
1
1
11
1
7
14
2
1
54
1
2
3
1
1
111
7
1
3
1
29
1
9
1
16
1
1
21
3
7
2
3
2
1
5
5
8
9
96
2
20
23
1
1
10
56
1
36
22
1
1
102
1
3
2
1
1
3
1
1
2
5
8
1
1
48
1
1
1
2
151
20
2
3
5
2
2
49
1
1
1
1
3
1
4
1
173
1
1
5
1
1
1
2
1
9
2
1
833
1
28746
2
1
44
2
11
21
1
1
248
3
78
3
1
4
4
3
1
1
1
1
9
1
3
28
22
1
14
37
28746
22
7
27
22
1
32
30
6
2
3
4
1
1
35
28746
744
2
2
2
24
19
1
26
3
3
1
7
10
8
1
2
22
4
31
20
17
15
10
3327
1
73
1
1
1
23
20
1
3
99
3
18
1
1
27
5
1
1
1
2
8
2
24
1125
19
2
1
2
4
13
4
5
739
1
1
10
1
2
60
2
5
2
4
32
24
77
7
4
2
12
184
550
1
1
31
69
1
3
1
346
1
3
1
4
16
3
3
35
1
1
3
1
1
1
1
2
1
3
2
1
1
28746
56
1
1
4
1
1
2
5
1
857
134
1
1
1
4
1
3
3
10
2
129
4
2
1
2
1
2
1
11
6
2
5
7
1
8
36
4
2
24
1483
3
1
5
3
5
12
1
4
1
1
1
12
16
1
1
4
92
1
7
5
43
304
4
6
1
21
4
3
1
1447
170
1
1
2
21
4
2
5
1
15
3
4
1
1
1
23
1
5
44
1
4
2
1
36
1
1003
12
1
6
2
3
1
3
1
4
16
1
10
4
1
3
1
2
1
3
94
4709
2
1
5
4
1
6
54
7
3
2295
2
4
62
1
4
7
10
1
1
5
1
1
1
8
4
3
1
2
4
5
1
1
2
1
1
14
1
13
2
4
2
2
1
1
1
98
5
5
1
1
1
1
1
3
2
1
1
1
3
8
2
4
1
11
17
4
3
1842
19
2
1
1
2
19
6
27
4
11
3
1
5
42
27
50
1
6
1
1
2
2
1
3
1
19
1
1
1
1
10
14
4359
15
1
3
1
3
373
1
12
1
1
1
1
11
4
4
1
3
1
1
1
1
53
176
238
6
1
8
1
6
2
1
43
1
1
3
3792
44
1
65
1
1080
2
3
2
3
1
118
3
18
2
11
5
4
6
1
5
20
12
6
4
486
2
1
10
30
1
3
1
2
5
1
1
1
10
3
2
1
4
23
12
1
2
75
1
2
2
1
192
1
1
4
3
1
4
1
2
4
2
19
5
1
9
100
1
1
30
1
17
408
10
77
2
1457
3
1
1
36
1
2
6
3
3
29
6
8
1
4
81
26
129
2
2
1
1
3
1
4
12
1
8
100
1
2
9
6
22
9
12
1003
3
2
15
1
3
49
4
4
4
1
1
4
1
2
2
99
9
8
1
1
5
1
1
5
5
9
1
12
11
1
160
1
72
16
2
1
1
5
5
1
3
2
24
1
5
10
1
33
3
2
1
1
1047
45
3
4
5
2
6
8
2
1
1
5
44
1
1
1
5
1
4
40
1
4
5
3
46
8
1
1
4
1
8
1
1
1
6
1
2
1
1
1
1
2
17
15
1
1
2
40
2
1
1
17
9
10
2
3
20
5
2
18
47
175
1
39
2
2
6
2
121
162
2
1
1
2
6
1
1
1849
3
3
2
1
2
1
7
1
1
3
2
1
45
1
28746
1
4
1
1
4
1
5
1
14
2
3
2
1
11
12
13
1
1
2
1
1
8
1
2
1
12
1
1
30
1
5
117
1
1
5
1
1
8
55
1
1
23
910
1
6
6
27
1
6
2
8
1
1
1
41
1
8
3
1
10
1
6
28746
102
3
41
13
42
1
2
24
36
64
1
1
6
1
3
13
8
1
1
1
10
1
4
1
4
6
2
3
9
226
9
2
195
2
4
1
35
28746
7
12
7
1
27
3191
3
1
33
4
3
1
2
1
1
51
1
9
11
1
2
6
16
89
2
1
1
1
1
1
1296
1
1
2802
1
6
4
6
1
3
4
2
3
43
2
1
1
8
1
1
8
12
1
23
1
1
1
1
4
1
13
1
1
17
16
6
7
6
28746
1
1
1
2
4
3
1
3
1
5
1
1
1
3
2
19
1
10
1
15
3
12
2
14
1
2
26
9
1
1
1
16
1
2
1
1
6
1
2
5
1
1
34
2
8
1
2
5
17
6
3
2
1
1
1
3
3
12
3
2
6
1
1
1
4
4
4
2
1
2
17
133
2
1
5
12
1
31
12
10
3
1
1
2
1
8
4
6
3
1
1
1
40
34
1
7
3
1
1
1
6
4
124
5
1
19
8
14
1
1
1
5
1
1
10
2
2
4
346
3
1
1
1
1
6
1
2
437
2481
3
5
2
2
1
1
3
1
1
1
76
1
7
3
39
144
70
1
4
4
1
1
6
2
16
4
45
4
1
1
1
10
1
2
4
6417
2
1
2
1
8
1
5
16
63
1
1
1
2
22
3
1
1294
3
1
8
2
28746
21
4
9
10
1
4
2
469
1
1
31
3
4494
1
1
86
3
1
2
6
2
115
4
1
19
5
9
97
2
2
675
1
2
9
1
3
1
2
7
1
1
3
1
1
2
2
6
4
1
1
1
4
5
3
3
1
1
28746
16
2
7
104
1
3
415
1
3
2
8
5
1
7
1
12
2
1
1
1
33
3
11
6
33
1
7
11
2
1
263
68
1
1
1
5
2
1
9
1
2
1
1
1
6
4
1
13
4
1
1
1
2
6
7
1
25
5
1
2
5
1
8
104
3
7
9
1
3
5
17
10
1
5
1
1
1
1
2
1
1
1
28746
19
54
6
1
1
1
6
1
71
2
1
1
2
1
1
2
2
2
28746
19
2
2
1
4
1
2
11
1
1
1050
1
2
1
1
3
1
75
1
8
2
90
1
1
1
7
1
7
1
2
1
3
1
2
2
15
1118
28746
1
18
1
9
22
26
140
3
5
8
2
1
4
1
32
1
9
110
1
4386
924
10
1
3
3
1
2
2
1
18
6
1
1
648
1
1
1
1
2
1
12
3
2
125
1
3
5
1
3
385
28746
42
228
1
16
4
32
3
2
87
13
4
5
1
1
2
2
1
9
5
4
4
4
1
4
4
41
1
6
3
9
1
82
2
13
45
28
1
1
8
7
4
2
6
1
119
2
4
17
12
2
7
6
2
1
5
4
1
1
1
3
3
2
3
9
11
1647
29
62
13
7
14
1
5
49
154
10
25
72
1
2
3
5
6
3
7
4
1
4
1
5
1
1
10
5597
1
1
10
17
1
1
2
2
21
18
35
63
145
4
1
1
1
7
11
1
2
12
1
1
328
37
1
2
1
2
4
850
16
1
1
3
4
11
31
200
63
1
98
148
2
1
855
1
4
19
4
1
15
1
124
1
3
1
3
6
18
22
2
1
1
3
25
3
2
1
3
16
13
1
1
26
1
1
1
98
55
1
1
1
7
22
20
3
2
2
583
17
13
90
19
2
65
25
14
19
4
2
1
2
4
1
4
16
4
1
9
42
16
1
262
6
5
2244
2
2
1
2
5
92
9
1
4
1
2
1
2
3
3
1
285
1
50
1
1
6
2
1
1
3
2
8
2
2
4
2
1
1
9
31
2
19
3
90
42
2
1
4
180
1053
1
2
391
42
3
1
4
34
1
32
28746
2
1
11
1
3
1
19
2
2
27
3
1
3
2
8
71
23
1
1
1
1
2
3
6
4
28746
4
1
1
1
2
1
4
1
1
9
12
55
7
307
459
1
26
7
12
1163
1
1
33
1
8
1
16
3
205
1
2
1
5
14
1
13
3
1
4
5
1
2
62
1
1
30
1
1
3
28746
1
11
2
1
209
6
1
3
12
2
213
5
2
21
6
2
13
188
1
1
4
8
19
3
1
44
5
13
15
58
2
23
4
45
1
1
75
9
12
2
1
17
2
1
3
132
3
3
2
107
2
5
1
4
3
1
1
16
4
3
1
1
155
6
1
611
1
1
1
2
6
1
2
1
1
1
1
2457
10
5
27
11
38
1
1
1
1
1
28746
952
28
15
1
1
2
5
1
1
2
21
2
3
1
9
1
1
1
2
5
1
3
1
6
1
1555
1
1
126
2
1
1
29
19
2
109
2
5
1
6
1
4
2
3
1
1
1
4
1
1
1
1
3
28
1
34
154
1
551
