889
4
2
354
1
15
1
912
371
1
2
1
355
2
144
1
2
11
31
1
4
1
1
3
1
1
2
7
31
1
5
1
7
2
2
7
1
20
1
3
3
14
1
1
3
1
1
14
5
1
50
1
1
20
3
1
3
1
6
6
78
5
142
3
104
2
4
19
1
32
2
1
1
9
33
4
2
1663
3
2
4
5
2
2
2
27
2
3
8
3
1
20
2795
60
10
1
149
13
2
34
1
1
7
1
1
1
5
10
19
297
2
24
8
3
1
10
1
1
8
4
7
30
1
4
1
46
1
3
1
13
2
2
539
86
4
6
1
4
1
4
29
1
42
1
1
1
1
29
2
5
1
1
1
1
1
1
14
17
9
2
1
348
15
61
1
1
41
1
377
1
19
1
1
2
28
68
3
1
9
1
1
6
1
1
1
8708
1
2
1
2
1
1
2
3
8
1
93
2
2
9
2
1
3
1
1
6
123
70
75
2
1
91
3
2
3
1
1
370
1
1
8
1
2
7
1713
1
1
5
2702
641
74
1
104
2
1
1
2
2
1
162
1
1
2
6
27
107
1
1
1
1
1
28
10
1
11
2
14
1
17
13
3
1
4
1
3
2
1
20
12
31
1
8
6
4
2
16
2
8
1
2
1
1
7
2
4
2
37
1
1
49
1
2
1
1
1
1
3
3
1
1
154
1
3
4
3
18
1
20
2
6
1
13
3
2
1
1
8810
51
3
228
1
1
2
1
1363
62
38
1
22
1
4
432
3
9
14339
8
2
2
1
1
3
1
2
20
101
2
10
2
1
2
1
4
5
8
73
1
1
2
2
1
4
28
1
5
1
1
4
25
1
2
22
1
1
2
3
9
10
10
1
1
1
3
35
1
1
1
8709
9
3
1
4
15
195
1
22
1
3
28
3098
1
1
1
1
10
16
3
1
1
429
1
61
56
25
1
2
1
1
1
318
11
3
1
2
7
1
3
1
2
2
1
1
3
2
17
16
10
137
3
1
1
1
7
126
14339
1
2
4
2
24
19
1
6
1
1
1
1
3
1
1
7
2
5
110
1
1
1
1
2
72
8
19
14
1
1
2
1
1
1
8
6
1
2
2
2
1
1
1
1
1
1052
2
2
2
9
410
1
2
1
1
1
1
2
1
17
2
2
7
5
4
3
1
1
1
3
1
2
2
7
1
1
1
2
1
5
1
1
5
1
1
2
1
1
37
17
1
1
1
1
2822
1
28
1
7
89
8006
2
1
1
2
3
3
4
442
4
14
1
2
1
7
5
62
1
172
2
68
2
3
1
527
1
170
5
2
4
256
2
3
3
33
2
2
1
11
5
5
1
69
13
184
1
9
10
1
2
4
1
7
1
13
26
5
2
1
4
95
2
1
12
1
8014
2
12
6
1
1
1
1
1
2741
2
3
11
59
6
17
1
1
1
216
114
131
1
15
1
6
6
1
66
301
22
4
1
1
3
1
144
1
2
1
1
63
14339
2
14339
110
3
14339
2
6
2
20
5
1
5
2
1
45
1
1
1
2802
95
25
1
3
19
3
1
47
2
8
3
1
136
2
1
1
5
43
2
1
110
1
3
4
866
18
3
233
1
1
20
20
41
2
1
1
2
1
6
12
2
2
1
144
1
30
4
5
781
12
2
25
2
2
22
1
2
10
10
4
1
1
11
1
1
1
191
3
1976
1
29
8
1095
1
5
1
2
737
33
6
1
2
38
10
1
96
354
3
1
1
2
9
1
1
1
14
14
1
2
1
1
1
1
6
1
1
450
1
3
1
20
3
4
15
2
1
6
1
1
5
69
117
1
3
2
1
2
6
14339
28
1
1
13
16
2
1
2
1
2
3
1
2
1
3
1
15
4
59
4
22
727
3
1
2
6
5
13
14
1
4
1
2
3
1
2
9
2
1
1
1
24
1
3181
2
1
2
2
5
35
8
1
1
4
2
17
2
9
526
34
1
1
1
4
1
134
6
2
1
1
4
1
1
57
6
1
5
1
10
2
1
8
2
1
1
414
106
93
349
1
1
1
20
2
1
1
3
5
1094
2
1
1
5
1
3
1
4
1
4
2
13
3
2
6
1
3
14
2
437
2
33
5
22
1
1
5
100
3
105
1
87
1
3
1
79
1
80
3
1
4
63
1
4
1
2
21
21
1
1
2
1
2
1
1
9
3
6
59
1
1
1
8
2
1
4
1
1
27
87
181
5
2
17
1
47
1
1
31
1
1
11
5
1
5
4
1
9
7
2
31
1
1
2
1
4
4
3
104
7
4
1
17
365
1
5
2
38
1
1
1
3
3021
1
1
28
1
2
1
4
3
1
5
1
7910
4
3
3
9
2
16
1
6
1
1
1
1
6
2
38
2
1
2
4
2
1
1
1
1
1031
1
1
1
1
263
1
3
54
1259
3
4
1
11
1
6
2
19
69
1
1
5
3
1
31
1
3
8
1
1
3
15
5
1
1
1
22
1
4
31
7
1
1
4
3
2
12
169
1
1
3
11
1
24
24
1
152
56
1
71
2
1
7
2
1
2
3
12
3
35
6
1
3
1
17
1
69
1
147
2
1
2
1
2
3
1
1
360
152
3
2
19
51
1
29
1
679
1
2
1
1710
1
2
3
1
2
18
42
73
4
1
2
3
35
2
1
3
3
3
1
4
1
1
1
1
64
1
1
2
7
6
2
40
1
1
1677
1
3
3
8
1
4
5
1
5
1
30
6
41
1
11
1
3
2461
25
1
2
1
358
1
5
3
1
15
22
8
13
11
3
2
2
526
1
11
2
367
4
47
1
1
5
1
1
3
1
1
41
1
3
1
17
1
1
43
436
14339
1
8
1
10
9
4
3
5
1
11
5
94
1
1
1
1
1
1
30
3
1
60
1
8
549
5
18
6
2
1
1
36
1
1
16
11
5
7
14
1
3
22
2
1
18
2
1
6
28
1
1
1
31
2
5
12
5
2
1
5
1
5
1
22
22
3
3
1
7
3
1
9
2
4
326
9
1
1
5
1
14
2
57
1
8
2
220
26
6
7
9
177
2
3
1
9
5
1
6
4
1
1
1
1
1
1
1
3
1
2
1
49
5
1
1
6
1
2
1
1
33
6
1
1
1
3
2
5
1
1
2
152
97
3
1
2
1
1
3
2
2
185
9
3
3
1
1
9
1
29
3
11
11
9
1
325
1
2
1
1
8
1003
2
1
1
1
1
2
4
1
1
13
1
1
1
7
19
1
17
1
1
1
2
1
1
6
2
1
8
9
2
2
46
3
1
1
1
15
2
36
10
1
651
9
18
2
4
1
2
2
3
2
1
1
1
4
9
1
7
5
2
1
286
17
1
7
1467
3
1
3
2
152
15
1
9
3
34
5
1
1
7
25
1
1
8
4
2
230
1
1
25
1
40
1
9
1067
1
13
4
1
31
500
1
1
1
2
5
2
3
22
10
2
5
1
1
1
1
9
103
1
2
4
1
1
3
1
9
14339
7
1
146
1
45
1
8
7
7
149
8
2
3
2
1
51
1
1
2
1
2
1
1
23
2
6
2
110
2
485
4
1
16
1
21
1
1
2
4
4
5
1
3
2
1
1
1
1
1
1
2
17
125
1
2
3
1
1
1
9
3
2
2
2
1
1
2
1
1
1
1
1
1
5
7408
10
1
1
1
2
21
6
2
4
6
14339
2
8
12
5
3
1246
3
117
1
1
1
9
1
2
1
1
1
1
1444
4
75
4
50
5
3
1
1
1
1
3
1
116
1
2
1165
4
14339
1
1
3
2
13
2
2
5
925
3
2
1
1
1
143
2
6
6
1
1
24
2
2
3
441
9
24
2
6
22
78
4
1
2
1
1
2
1
46
5
1
1
1
5
1
8
15
1
12
2
1
7
1
512
2824
9
7
11
1
1
651
4
1
95
1
1675
1
1
1
1
1
2
1
88
1
6
164
6
25
39
34
3
21
32
1
1
163
1
1
3
6
3
12
1450
21
14339
1
2
7
6
18
13
1
2
3
1
11
15
1
4
454
3
2
26
2
1
1
5
1
30
1
1
1
1
2
3
2
17
1893
1
1
1
33
13
31
3
1
62
10
1
3
99
3
2
2
2
2
1
2
2681
15
989
1
1
4
4
1
2
833
3
21
3
1
4
1
4
1
2
1
5
30
2
1
1
8
14339
4
6
1
8664
65
101
3
20
10
28
2
3
17
1
1
1
1
28
3
1
1
83
3
20
1
5
1
1
58
3
77
2
2
1618
43
7
567
2480
2
13
1
5
10
56
1
10
29
5
1
19
1
1
27
1
2
7
1
2
5
1
4
1
1
1
5
1
3
1306
69
1
2
13
11
1
1
2
5
1
80
2
1
133
91
2
1
13
1
1
4
2
1
1
1
1
2
1
4
1
1
6
4
4
8
12
1
1
1
1
1
96
2
4
1
1
1
1
159
11
4
2
1
1
17
1
1
3
1
1
123
4
4
7
2
4
3017
1
4
1
1
12
1
46
3
1
9
147
2
1
6
1
1
1
3
1
2
1
6
3
1
3
1
1
2
1
4
17
1
1
12
5
138
19
1
1
3
2
4
3
1
30
1
4
651
47
130
1
1
28
1
32
1
1
1
1
10
1
3
47
1
1
12
20
2
3
32
15
9
1
1
18
1
2
1
780
5
1
1
37
999
6
7
1
8
1
1
1
6
3
1
10
1
1
2
6
1
2824
5
148
15
13
2
1
4
3
5
4
7
1
1
1
1
2
6
75
52
1
2
19
107
1
4
8
5
479
7
1
13
5
3
2
1
2
1
1
22
2
8662
16
160
2
2
2
1
3
20
3
1298
1
1
7
3
2
1
6
1
13
3
12
3
1009
2454
1
1
2
1
10
5
63
1
1
3
2
2
15
104
2
5
322
1
1
1
1
425
134
3
8
1
3
2
3
13
1
1
2
106
4
65
1
12
1
8
10
3
1
10
1
1
1
1
1
6
10
2
2
76
3
44
2
1
2
5
1
43
1
5
1
2
38
556
1
3
2
455
10
1
11
2
2
1
2
233
110
4
2
3
3
64
2
1
72
1
3
9
5
29
17
2
3
1
82
9
34
1
2
1
3
33
8
5
19
166
1
1
6
4
4
5
1
1
5
4
1
11
2
5
21
2463
54
1
2
183
21
1
2009
1
1
6
69
2
1
2
6
1
2
3
13
1
3
94
4
41
9
4
4
1
13
1
2
1
3
1
1
1
23
20
1
2
1
1
13
1
7
4
1
2
1
3
8
1
1
6
15
1
7
12
11
4
2
1
6
2
8
2
4
147
1
1
1
6
2
330
6
2
1
99
18
50
363
1
6
3
4
9
1
1
2
2
3
1
1
7
1
6
1
3
7
2
124
3
1
3
1
2
1
3
3
1
1
2
1
24
18
2
2
1
17
43
1
14
1
2
51
1
1
12
1
526
1
2
1
2
28
5
7
2
19
2
1
2
2
1
1
2
101
9
1
1
1
43
1
1
1
1
8
4
274
1
1
3
9
1
1
1
3
5
1
6
12
3
2828
2
1
33
2
1
1
36
1
1
4
3
1
2
2
30
17
35
2
3
9
6
1
17
1
2
3
112
1
10
6
1
1
3
3
1
2
116
1
1
1
7
2
3
1
3
2
1
16
1
1
6
3
1
11
11
10
4
2
5
11
1
6
1
3
12
2
2
79
2
36
3
2
254
1
1
1
1
1
330
1
1
6
18
1
5
4
1
20
1
1
1
1
11
18
1
1
1
526
1
1
2
1
12
82
2
5
2
1880
1
1
1
3
23
47
2
1668
20
3
4
3
2
4
185
1
33
1
7
2
482
1
1
2
2011
21
2
49
22
4
2
8
4
5
10
11
2
6
5
455
642
1
1
1
3
1
9
10
1
1
23
28
3
1
4
6
20
526
2
1
2
1
96
920
3
2
3
1
2
1
13
1
1
2
2
1
1
2
66
56
1
16
1
1
7
5
3
2
2
35
3
6
2
1
1
1
1
5
7
141
2
26
4
1
35
13
3
3
40
1
1
3
3
1
5
2
2
3
2
4
1
2
1
54
1
3
1
1
6
1
15
63
1
6
17
2
2
2119
2
24
1
1
2
3
1
4
2
4
1
2
1
1
1
484
2
1
1
1
23
1
67
4
1
2
2
3
2
1267
1
651
1
2
2
1882
3
83
2
2
59
4
115
1
1
1
24
1
2
11
8
3
1
1
105
14
6
4
2
10
135
8
1
3
95
1
1
7
5
2
6240
128
142
1
36
3
374
3
2
7
6
6
1
38
1
8
5
42
1
2
1
1
2
14
81
12
1
1
32
1
1
9
2
4
14
4
1
13
1
1
1
2
1
1
2415
2
4
4
8
1
5
1
8
1
9
1
7
3019
51
2
2
1
1
6
59
22
18
1
141
1
1
3
1
2
1
9
1
1
11
9
37
17
2
1
20
108
1
2
13
4
3
9
7
2
1
3
3
2
4
1
41
2
29
675
1
1
2
28
1
9
1
4
8036
5
1012
1
6
8
520
14
3
1
1
9
3
7
1
6239
3
1
126
89
1
2
26
2
1
17
23
2
1
400
3
32
2
3
1
1
1
24
3
11
733
3
3
1
1
1
4
2
1
1
1620
1
4
8
3
1
6
4
1
1
7
1
10
1166
1
2
5
55
1
70
1
4
9
1
3
2
25
3
1
1
3
1
1
1
4
1
1
10
1
2
1
1
1
22
131
11
80
1
1
1
2
5
1
2
2
3
40
12
1
1
2
1
1
1
2
20
8
3
1
7
4
62
14
1
132
27
3
7
1
1
1
1
14339
3
3
1
1
4
32
13
31
1
1
1
11
1
1
3
3
4
1
11
5
1258
3
3
3
4
2
16
3
2
2
1
1
2
3
1
3
1
29
113
118
1
5
4
1
1
677
1
9
1
1
15
1
25
1
1174
9
1
2
39
1
67
9
1245
208
2
1
6
1
26
2536
2
3
50
30
14
296
1
2
2
1
2
1
2
3
1442
1033
1
7
3029
1
1
1
4
12
4
11
1
2673
1
11
4
1
3
2
2
1
2
62
4
228
2
1
1
1
2
10
2
24
4
1
1
3
24
4
8
3
3
4
3
8
1
4
4
1
1
60
351
1
5
7
2
7
45
10
14
1
4
1
3
1
46
1
1239
3
6
1
124
1
22
1
1
1
1
1
1
1
7
4
1
2
71
16
4
26
53
35
1
8
3
4
4
57
26
1
7
1
1
2
1874
63
3
5
1
3
7
44
1
9
1
1
14
62
83
1684
14
1
4
2
16
1
23
1
9
36
1
2
18
6
13
2
1
40
5
1
1
1
6
15
1
1
1
1
8
2
9
1
153
1
1
1
5
1
3
1409
1
6
4
1
1
1
1
1
1
7
23
28
10
994
3
48
1
22
1
19
1
526
3
26
34
1
7
45
1
2
1
2
3174
1
22
18
5
14339
1
10
1
8
1
1
1
1
3
5
1
4
1
526
96
4
2
4
9
1
9
1
3
1
2
1
20
6
6
4
1
18
17
1
2
1
2
6
1301
3
1
3
3
39
7
3
2
45
1
38
1
37
1
1
1
105
171
31
1
1564
1
6
3
2
6
35
1
1
2
1
1
1
6
3
1
2
1
2
11
1
2
1
1
1
5
2
1
5
1
2703
984
1
2
2
4
2
1
1
851
27
1
1
1
50
5
74
1
1
115
2
4
21
112
4
1
9
1
5
9
1
8
20
2
11
4
2
14
3
8
1
31
167
108
39
1
34
1
1
3
6
484
37
1
5
2
2
1
6
1
1
16
62
3
1
1
1
54
41
2
1
113
1
8
12
1
24
526
4
1
1
3
2
2
9
16
1
6
3
1
1
33
5
95
3
121
2
7
2
2
65
1
2
4
7
241
5
372
3
1
2
1
56
94
1
5
1
6
1
5
18
3
1
6
41
1
1
879
8
235
1
1
39
2
1
2
2
1
1
7
1
11
2
466
1
1
7
3
1
8
2
113
2
7
7
20
19
2
2
2
4
13
1
4
1
2
1
49
1
2
1
2
1
1
6
2
1
1137
1
7380
1
3
1
164
1
1
1
106
1
3
8
36
1
5
3
1
1
1
5
5
7
1
1
1
15
32
6
33
3
3
1
11
1
174
2
1
36
97
1
3
15
3
21
1
3
1
20
2
2
1
1
1
4
5
6
3
6
2
1
2
1
3
63
1
1
2
2
2
1
2
3
3
10
3
26
7
87
4
1039
1
1
1
66
3
8
1
8
3
40
2
1
7
1
36
17
1
6
29
1
22
2
6
6
1
1
51
2
13
14
6
2
4
1
6
1
2
8
1
2
27
648
1
100
1
1
1
8
1
1
1
1
29
26
21
2
1
1
5
1
2
3
6
3
2
1
19
3
3
1
2
3
686
1
2
6
1
4
7
40
2
3
1
1
12
165
1
11
1
1
1
1
10
2
1
2
2
4
31
1
5
2
1
2
2
560
1
2
111
4
1
2
1
3
1
2
1
11
1
1
150
1
7
9
5
7
1
8
1
22
12
3
1
11
2
1
1
2
5
10
1
1
31
1
54
1
1
1
2
684
57
2
1
913
1
2
3
1
1
2
17
3
1
2
1
2
2
1
3
13
3
2825
5
10
143
23
17
2
1
2
1
2
1
1
6
1
3
28
146
3
10
2
28
1
1
7
9
3
4
1
4
8
3
38
10
5
36
1
1
7
3
2467
1
7411
10
5
5
6
1
3
1
4
4
29
19
3
14
2
5
2
13
3
3
1
7
3
213
4
1
1
3
5
1
31
2
1
1666
3
4
8
229
6
1
5
42
1
1
2
1
20
3
2
1
1
1
1
7908
132
1
1
8
43
2
1
2
3
29
3
6
3
13
1
1
1
19
1
14
23
26
3
1
4
11
390
4
1
3
502
2
1
1
2
4
3
143
1
4
1
1
1
13
1
105
1
2
5
1
870
1796
1
2
2
2
1
58
2
1
2
1
1
1
1
2
2
1
6
1
3
3
1
4
31
1
3
941
1
17
2
1
2
2
5
1
3
1
1
3
167
1
4
1
7
2
2
2
1
2
4
10
5
1
1
50
2
97
1
1
25
11
2
1
12
10
1
1
9
12
2
3
7
2
1
3
1
4
1
8
7
25
1
44
1
6
3
2
835
7
2
1
354
2671
5
1010
1
1
526
1
2
166
31
34
3
4
4
2
2
2
1
8
2
73
71
3
1
1
296
2
1
1
1
2768
1
5
2
2
14
3
1
1
1
1
6
3
1
27
36
1
8
67
2
5
2
1
2
4
3
1
7
28
1
1
4
24
8
98
1
11
39
1
1
1
154
1076
1
7
11
417
1
3
181
1
57
6
2
1
15
5
1
2
9
1
1
3
4
3
2826
7
2
12
1
1
1
48
13
1
24
1
1
8
1
2
1455
51
72
24
3
1
85
5
127
1
1
3
1
1
2
1
2
2
1
1
1
8
26
6
353
42
1
859
11
1173
2
1
2
3
1
1
4
10
9
4
1
1
49
59
1
4
2
9
13
2
34
5
1
2459
2
6
15
1
6
6
2
1
6
1
1
136
12
3
1
1
3
2
6
3
16
4
4
26
14
1
1
1
1
1
1
1
2
4
2
1
3
4
1
21
1
38
1
6
1
2
35
3
1
7
2
74
227
40
11
6
2
2
1
59
1
13
1
1
1986
1
29
31
78
5
12
1
3
2
1
1
13
3
1
2
17
3
2
7
158
1
1
3
1
1
1
4
1
689
1
12
2
7
3
4
37
2
11
1
4
2
6
1
5
1980
12
1
31
651
1
2
14
2
7
88
1
3
118
1
1
1
12
5
3
4
1
5
41
1
1
1
14
3
1
1
8
6
4
102
6
1
3
1
1
1
1
6
2
16
1
1
1
7
1
4
1
1
3
2
1
655
1
1
2
9
2
22
1
22
1
3
2
22
1974
2
2109
1
1
7
1
24
4
1
116
18
394
1
5
3
3
10
2
48
8
3
4
2
8
2
5
2
2
12
1
2
1
5
11
2
11
1
1
2
1
5
18
7
1
4
2
4
1
2
2
33
37
23
8
1
9
11
1
4
5
1
17
1
8
230
2
1
2
8
14
8
1
6
6
5
28
480
1
35
165
2
1
15
1
9
1
16
1
1
1
1
1
21
2
96
58
1
19
4
12
1
6
4
1
986
5
3
1
11
1
54
5
1
2
9
17
4
6
1963
120
3
5
9
1
87
1
2
1
1
100
8
32
6
1
3
2
1127
1
3
4
1
6
2
1
4
1
10
1
6
3
27
8
1
3
122
1
4
651
7
1
12
1
2
1
1
2
1
642
1
1
1
3
3
76
1
6
14
1
175
2
1
1
1
10
1
1
10
7
1
1
1
1
1
4
1
1
2
1
14
526
1
189
1
370
1
1
1
1
97
2
8842
47
4
1
10
1
30
1242
3
2
1
40
9
1
1
1
2
1
1
6
1
19
1
2
1
18
415
14
1
1
1
1
3
8
6
3
3
1
6
1
19
37
1
444
1
2
1
1
14339
5
1
15
2
1
55
1
1
28
51
4
14
5
6
2
3
44
1
4
68
4
1
4
52
9
1
16
1
1
9
1
2
3
1
3
1
4
1
1
2
11
9
1
7976
2
1
1
1
56
2
10
1
1
12
1
39
48
1021
9
3
1
1
4
1
1
2
2
1
1
14
3
1783
14
18
2
1
1
1
1
1
9
37
2
1
2
1
3
3
420
1
1
1
3
43
52
37
10
4
31
4
26
1
2
6
25
362
2
7
1
1
1
3
1
2
2
4
13
2
4
2
7
5
10
4
12
32
1
1
1
3
5
154
1
30
12
51
2
1
1
2
1
1
1337
5
1
6
1
13
1
77
1
1
1
1
2
1
36
1
1
1
1
1
1
1
2
18
29
1
1
29
8005
3
1
2
1
1
1
1
1
1
36
331
2
2
13
322
4
1
1832
1
5
443
7
15
1
3
1
4
1
1
1
1
1
3
4
27
1
2
1
1
1
1
2
2
3
1
6
2
8
1
1
1
1
2
2
2
1
1
1
38
38
31
5
3
4
1
14339
7
1
1
2
334
1
1
7
1
1
1
1
8
1
5
6
2
1
5
1
160
19
10
38
1
8
3
1
2
21
100
1
1
13
6
1
5
1
1
7
1
32
12
1
2
46
2
25
927
1
6
17
3
165
3
6
2
1
158
1
340
1
3
499
25
7
6
27
1
1
1
1
2
467
1
2
2
2
62
1
10
1
2
5
2
376
5
5
21
4
3
651
1
10
10
1
30
1
2
8
1
1
6
1
9
29
1
2
22
1041
1
6
1
2
2
1
29
13
117
332
1
2
1
60
6
1
567
10
2496
6
8
10
162
1
2
297
6
50
107
1
929
2
5
651
1
29
1
116
4
13
1085
2
290
1
1
1
4
19
3
12
562
16
1
4
20
7
22
12
38
1
651
2
2
1
10
8
2
2
15
1
1
4
1
2
2
95
58
3
1
20
2
46
1
13
7
1
6
17
3
1
2
1
2
66
2
2
2
359
1
345
9
62
3
11
42
145
3
1
1
1
1
29
1
3
2
31
1
11
3
3
133
508
1
1
133
1
1
85
5
4
1
1
3
1
3
5
5
1
2
12
1
6
5
1
1
4
3
4
34
8823
3
2
8
1
1
4
3
2
1
4
6
44
4
2
1
43
3
7
4
1
35
7
24
7
1
689
2
4
2
17
1
4
11
1
15
2
1
2
39
4
2
3
4
22
1
7
4
116
1
38
5
1
1
2
1
1
1
2
1
7
2
1004
2
14
528
2
2
1
1
2
3
1
3
63
86
1
1
58
2
3
27
1
1
2
6
1
1
7
2
3
1
1
1
1
5
1
4
11
329
3
1
1
5
2840
5
2
1
1
3
1
67
6
87
1
8
1
5
2
1
6
9
1
1
359
32
8
21
14
2
91
3
125
12
75
11
1
2
9
3
2
1
81
1
1
4
15
2
651
2
2
5
1
2
2
20
3
2993
1
1
5
1
44
42
477
1
1
1
1
6
2
2
2
102
18
1
6
57
2
3
1
1
1
1
2
5
50
1
108
1
15
28
4
2
4
2
3
1
2
1
11
2
2
2
70
8705
1
8
1
205
3
4
3
3
1
19
1
4
1
2
9
1
1
1
23
11
1
1
5
7
10
2
20
8
14339
48
1
2
1
1
1
5
2
1
17
1
16
2
1
1
17
5
1
1
2
1
1
1
72
1
2
7
2
1
6
4
24
1
2
2
1
5
2
1
2
10
2
1
2
32
18
1
4
5
58
5
13
412
22
1
10
4
1
7
16
197
3
1
3
30
1
1
1
1
1
1
2
1
13
1
1
4
2
1057
2
5
3
40
3
7
2
16
1
1
22
12
14
1
480
4
1103
14
1
1
1
2
6
1
1
1
2
2
2
2
6
8
4
23
1
1
1
8
239
5
150
1
1
1061
12
5
13
1
1706
1
5
1
34
4
8
2
44
1
347
9
5
1299
1
12
49
16
94
1
5
1
3011
1
2
2
1
1
1
2
8
1
8
2
10
1
23
1
1
2
5
1
22
25
2
1
12
9
1
2
6
2
421
2
2
109
3
651
28
1
1
2
1
104
1
204
5
2
3
17
47
2
245
6
2
2
9
12
1
288
13
1
1
1
1
3
1
1
8821
5
3
1
4
1
1
9
1
1
1
3
3
1
1
2
22
29
2
5
5
20
1037
57
1
2
155
1
1
2
6
1
1
12
2
3
1
114
4
6
23
3
1
2
926
9
13
1
1
1
1
199
29
2
23
1
1
26
1
1
4
1
52
2
55
1
4
21
101
57
1
2
1
1
1
13
1
4
1
25
4
1
29
103
1
1
114
1
13
3
1
65
2
2
2
1
9
11
1
2
1
1
66
3
1
1
6
9
2
1
1244
536
651
1
9
7
1
1
6
2
35
1
1
3
2
2
1
18
1
8
1
11
6
4
3
29
1
12
3
1
5
4
4
1
1
1
1
2
32
2
1
2
1
2
298
1
1
1
34
76
4
1
3
1
1
106
1
7
2
1
10
1
1
2
1
2
17
1
26
112
134
1086
1
9
4
2
78
11
5
48
1
10
7
10
88
7
1
1
1
3
6
1
1
2
1
14339
1
51
1
4
322
2
1
4
1
1
2
1
8
1
15
1
2
1
3
153
2
23
7
1
11
12
11
5
2
1
12
10
1
1
1
1
1
4
2
1
4
14
4
3
1
13
2
1
31
2
490
1
2
8
5
7
2
1
2
1
1
3
1
2
1
161
5
1
2
1
23
1
12
39
1
1
5
3
3
2
1
28
2
1
4
1
221
1
1
2
738
1
1
1
1
4
8
1
58
6
2
14
14339
7
6
1
3
1
3
1960
2
1
2
16
1
1
8
2
2
14
1
1
2
30
1
1
1
4
1
6
11
4
2
1
1
1
1
1
3
5
1
64
3027
3
1
4
3
28
2827
1
2710
5
3
1
1
1
1989
1
1
1
1
2
2
1
1
6
3
1
11
1
1
408
7
2
1
3
132
16
2
3
2
2
1
5
1
33
1
1
122
3
1
4
1
1
44
2
8
4
1
1
4
1
116
55
10
4
1
8
1
5
2
4
3
1
1
1
3
1790
9
6
1
39
866
1
3
13
1
1
2
13
2
3
1
40
1
2
1
193
5
1
1
4
20
1
2
1
1
1
17
3
1
2
85
6
4
2
3
10
1
1
29
18
3
4
1
17
1
1
1
207
1
1
2
1
8
9
1
27
2
1
1
1
1
15
3
2
87
2
7
2
16
2
1
1
115
3
2
1
1
1
42
3
12
8
3
3
3
19
1
526
44
7973
4
17
3
1
6
5
11
1
137
1
1
1
24
3
10
57
29
1
1
1
2
14
35
1
24
971
10
18
45
7
2
4
2
3
1
1
3
1
5
1
1
518
1
19
1
1
1
2
4
1
1
4
1
20
1414
14
2
2
1
2
1
162
2
1
20
5
2
3
3
23
1
1
1
1
1
2729
1
1
16
2
1
1
1
1
1
19
2
1
2
2
2
2
2
1
1
2
2
1
1
5
1
2
40
11
1
7
342
4
1
3
120
18
3
17
1
64
5
1
1
4
1
16
3
3
1
1
2
115
1
1
3
3
1101
1
1
2
1
14339
61
2
1
2
33
1
1
1
1698
3
1
372
23
2
4
36
8
1
10
2
2
5
42
109
2
1
27
3
1
2
1
2
2
7
71
2
5
2
2
1
552
3
1622
14
7
1
15
3
1
2
1
1
2
6
13
18
2
4
1
1
1
1
1
4
3
6
3
2
10
1
242
2
1
3
1
395
4
3
16
1
1
2
5
9
356
91
1
3
1
1
1
3
8
2
5
1
1
46
7
8
6238
1
6
1
11
25
1
2
3
5
3
6
1
13
9
3
10
21
2
2
1
2
121
5
1089
1
7
1
2
1
1
5
1
4
3
1
1
2
7
4
47
28
9
1
2
2808
1
17
2
2
153
37
3
6
517
5
1
1
2
4
15
2
1
5
7
435
1
7
3
4
24
149
1
8
166
1
3
4
10
2
2497
1
8619
1
4
1
1
1
3
1
1
1
2
16
1
20
1
13
4
4
3
17
1
1
1
1
6
12
13
2
1
1
5
18
1
1
8
21
2
11
9
14339
177
1
1
219
1
1928
1
7
1330
10
3
42
51
1
1
1
4
2
102
1
60
5
28
2
1
7
80
2
4
1
1
1
1
3
1
5
1
1
1
541
2
2
12
1
1
8
14
1
3
3
1
50
3
2
1946
126
1
1
1
5
1
7
312
3
1
548
1
1
4
1
1
1
5
1
5
1
1
1
3
1
63
1
1
2
1
7
1
28
20
3
372
1
77
9
1
13
1
74
1
2
1
6
20
526
2
5
1
3
1
23
1
1
122
1
2
23
1
7
4
1
3
1
1
3
1
454
1
1
260
3
1
1
216
7
3
1
2
4
1
10
2
1
1
1
2
1
15
2
1
1
8
1
1
7
2
1
2
14339
1
1
1
7
1
73
3
600
1
1
2
9
11
1
1
1
1
1
1
6
3
1
5
1
1
2
4
1
2
2
9
8
1
1
2
1
1
5
1
1
1
6
1
1
1
14
8
26
56
20
1
92
131
1
1677
1
5
14
1
1
6
1
16
1
4
1
5
10
1
2
1
1
1
5
1
20
1
1
2
1
1
1
7
1
7
21
8
1
1
156
42
1
5
6
2
3
2
2
1
1
1
1
1
2
15
2
22
1
14339
29
3
1
1
1
1678
1
8
4
2
1
8
3
9
2
2
1
4
30
3
4
1
1
1
82
1
121
3
1
2
2
6
1
9
1
37
10
2
18
6
1
17
2
1
69
2
1
1
102
1
1831
3
6
29
3
1
2809
6
7
6
3
2
2
1
1
1
2709
1
1664
2
4
1
7
6
4
2
1
1
3
1
1
1
13
116
1
5
18
67
3
2
103
22
12
3
1
27
1
11
1
228
5
1
1
27
9
3
931
3
1
1
33
2
1
4
2
1
4
493
111
2
9
2
14339
14
1
5
651
4
2
37
2
3
15
2
1
5
1
1373
24
8
6
22
1
1
3
7
35
9
7
1
1
5
3
7
2
16
1
3
1
11
2
1
380
1
1
2
2
1
1
2466
2
10
2
6
1
3
3
1
2
1
2
1
13
5
1
6
1
7
3
925
368
32
4
1
1
21
1
3
1
4
2
1
1
36
2
1
14
570
1
3
2
1
1
1
1
1
881
1
3
1
1
2
419
1
29
4
6
1
1362
1
4
2
1
2
2
2
2
1
6
1
2
1
2
1
1
1
1
1
1
5
5
3
2
2
1
2
1
1
1
1
14
1
1
1
7
1
3
5
24
196
8
44
3
77
6
2
197
2
3
1
1
36
1
7
4
6
1
1
2
2622
1
2
4
1
12
2
1
1
353
31
1
117
3
1
10
1
1
3
2
16
10
1
1
2
1
1
15
3
3
3
2
1
4
17
1
7418
38
2
6
37
1
1
24
2
2
2
2
106
4
1
1
3
526
1
3
6
40
5
3
1
23
173
1
4
2
1
2
1
2
1
115
526
8
1
1
3
1
1
50
2
1
1
3
1
1
3
2
1
2822
1
1
3
2
6
1
1
4
8
1
7
6
7
1
1
33
1
27
2
6
12
1
11
1
2
1
1
2
1669
2
29
5
3
1
2
4
1
1
22
1
1
37
1
1
33
52
3
2
1
3
2
1
3
1
2
3
10
4
5
1
4
1
29
2
64
15
96
2
23
2
5
54
7
1
1
1327
1
3
8
3
4
2
8663
6
1
1
17
2
1
1
1
5
14
4
1
6
2
130
382
2
8
2
3
1
1
2
1208
3
25
20
1
355
855
5
23
2485
1
4
8
1074
476
1
1
1
3
1
1
1
1
1
4
2
3
1
3
2
1
12
3
2
9
1
1
1
16
27
1
682
1
1
45
5
1
2
23
2
4
1215
2
1
157
28
16
1
1
1
289
1
4
11
2
6
1
5
1
204
2
936
2
1
526
189
1
8
12
1
292
23
1
1
10
3
1
1
48
1247
3
1
8
1
2
2
21
7
479
1
1
1
1
1
6
5
2
3
5
2748
1
1
1
5
1
949
2
9
1
8
1
5
1
14339
5
1
8
1
2
3
1
1
5
1
9
28
132
1
6233
8
1
6
1
14339
2
3
2
12
1
4
1
5
5
1
72
1
21
3
4
601
21
2
23
1
4
1
2
2
1
4
1
18
1
1
4
3
1
1
5
14
1
1
1
5
4
4
1
5
2
1
1
1
2
2
13
1
10
1
1
1
29
2
21
4
5
1
8
2
1
1
1
2
7
4
1
7
1
6
1
1
2
4
1
4
1
61
104
9
3
4
2
1621
2
3018
1
1
195
1
2
1
15
2
1
6
8716
1
16
1
21
2
1
14
1
69
10
1
21
2
42
14339
2
1
3
13
204
1
5
1
3
7
1
1
1
1
1
1
1
140
14339
2
12
1
166
1
1
2
2
14339
1
1
1
8
1
313
3
1
3
1
1
1
1
1
2424
23
1101
1
2
1
1
3
110
2
1
1
2
4
62
12
14339
1
1
15
1
2
1
1
14
106
1
1
3
2
1
2
17
2
16
3
3
7
1
1107
3
4
3
2
11
2
1
14
1
3
1
3
1
8
1
1
1
2
7
3
1
1
1
1
32
1
20
3
1
195
20
10
1
11
1
15
1
2
23
6
1
7
2
3
1
2475
1
1
4
323
3
1
2
1
28
3
1
1
3
2
2
6
2
1
1
1
2
1
91
2
1
2
2
12
1
3
2
2
2
5
3
1
1
1
1
4
2
3
7
4
1
6
1
1
1
5
2
1
7
29
7
7
8
2
1
46
14339
1682
26
5
5
423
1
4
10
651
2
1
10
1
131
2
131
1
229
4
4
7
13
15
2
166
2
7
1
10
4
1
4
2
20
13
1
461
1
1
9
1
1
12
1
4
1
3
1
1
7
2
3
31
1
1
9
1
50
3
36
3
1
45
2
5
2
104
1
1
2
18
14
11
1
4
3
10
70
526
4
1
130
1
1
2
9
5
1
1
4
1
1
28
5
1
173
2
2
2
1
14
1
1
706
25
16
5
3
1
1
17
1
14339
1006
1
14
7
1
1
3
36
5
1
5
1
1
1
1
1
15
5
23
1
1
1
1
1
12
8796
1
15
1
1
1
19
1
1
933
6
6
25
3
14
32
15
18
413
2
2
4
3
118
18
1
2
2
2
6
12
1
1
8
1
1
29
1
21
19
4
27
1
521
129
1
7
1
2
3
2
26
10
3
1
1
1
95
3
89
21
8
32
369
1
1
3
16
12
453
1
1
1
5
10
3
3
529
2
2
1
6
1
12
1
1
2
1
3
1
2
5
7
1
5
7
1
1
1
1
44
35
6
17
17
1
7
106
5
86
1
1
1
1
3
1
9
4
4
14
18
9
43
5
14
8
94
1
6
30
2
1
3
1
7
44
1
1
174
2
1
2
2
1
39
1
8
1
7
429
1
15
153
671
2
2
3
1
1
1
32
20
2
1
1
4
2
6
68
2
4
1
8
1
4
2
18
1
1
3
176
1
16
61
29
8
38
51
5
2
2
13
1
2
87
60
1
3
3
5
1
30
5
34
3
1
24
1
344
2
2
1
1
1
17
9
858
1
1
40
5
10
2
7
1
3
3
2
1
1
1
1
16
7
5
19
2
1
5
1
2
3
2
1
29
2
1
1
1
1
4
3
2
1
915
1280
1
2
2
1
28
37
1
2489
7
3
3
4
1
2
1
2
51
3
1
3
1
3
1
6
1
6
1
10
26
1
2
2
1
3
14
33
1
1
115
10
13
6
5
20
1
1
6
2
1
1
1
1
2
9
4
1
2
10
1
2
8
14339
1
15
1
2
2
19
1
668
3
4
2
1
1
1
1
1
3
1
47
2
1
2
1
2
13
1
2753
21
1
1
1
1
36
32
1
950
2
1
1
2
4
3
3
1
1
1
22
1
40
1
1
2765
1
1
95
49
1
5
1
6
1
1
1
3
35
2
4
1
2
2
2
1
1
1
1
12
1
1
4
71
2
1
27
4
1
1
3
1
1
8
1
5
8
7
2
1
117
4
21
1091
2
4
1
11
2
2
5
1
1
1915
12
7
2
1
411
1
14339
1
1
10
3
1
5
9
2
4
1
86
1
1
14
1
14339
14339
1
1
2
6
1
71
11
2
4
1
2
3
13
17
1
6
1
4
1
1
5
1
2
1
1
13
1
1
3
1
27
1
21
1
2428
1
1
1
5
2
1
2742
6
1
2
2
3
1
13
3
11
2
42
1
1
1
1
1
125
36
5
1
1
3
10
3
1
5
5
5
1
1
1
1
1
1
1
2
3
1
1
4
410
2
1
2
17
1
34
8
3
1
1
1
30
14339
11
14
2
9
1
1
6
23
2
2
1
1
2
1
3
2
1
1
1
3
101
1
1
1
36
1
5
1
1
1
15
1
1
8
1
4
1
15
1
3
2
1087
1
2
16
1
1
2
4
1
25
1
1
16
6
1
1
1
13
1
2
7
71
1
6
513
6
651
1
12
11
10
1
1
1
1
2
3
4
2
4
1
2
1
1
3
2
37
2
5
569
1
8
118
1712
1
1
1
3
29
1
20
10
1
4
7
8
1
32
1
2
14
17
1
1
1
33
38
1
9
2
1
9
1
12
1
3
34
2
2
6
60
2
5
5
1
1
1
7
10
1
4
8
1
2
6
6
1
1
1
1
5
1
6
1
357
2
723
1
15
4
2
5
6
5
11
43
5
5
1
8
1
15
3
1
55
1
74
1
1
1296
1
932
5
1225
2
19
1
4
7
104
1
1
409
8
2
8
1
18
31
3
1
70
40
4
378
1
1
5
2
11
1
56
2
71
3
1
1785
12
2484
3
1
3
102
6
7
6
2
9
4
8690
1
4
5
1
200
1
2
12
1
10
1
1
4
1
3
1
12
1
3
1
1
1
1097
2
3
2
2
109
1
2
2
1
3
1
1
2
1
1
1
12
1
1
3
18
1
74
12
5
1
1
18
2
103
5
20
198
46
61
6
113
1
6
2
4
2
2
1
1
2
2
1
1
10
1
16
7
1
4
58
1
2
3
1
8
1
15
24
89
1
3
1
4
15
7
70
1
1
6
18
4
1
2
1
22
1
6
22
57
2
4
683
23
1
914
651
1
2
1
1
1
15
2
5
154
1
16
1
1
7
29
1
4
1
76
1
1
8
10
234
6
6
1
2
1
3
6
1
9
6
2
1
1
12
7
1
4
14
1
189
4
6
1
2
1
3
3
29
15
31
1
144
4
1
7
37
4
1
1
73
4
2
3
1
4
1
5
3
1
2
10
8718
1
2
8
1
1
2
12
6
1
1
1
1
1
438
4
6
9
28
1
179
1
14339
1
50
101
2
14
20
31
1
17
1
1680
1
19
1
2
1
1
10
8
1
50
2
5
1
2
1
6
1
3
4
1
6
1
6
2
1
12
14
39
10
1
24
1
3
1
1
2
1
1
291
1
16
1
3
5
1
9
24
1
24
487
79
1
1
8
110
1
16
1
2
2
76
1
1
31
39
2
32
1
1
178
2
1
4
1
1
1
1
1
1
4
1
9
40
2
17
1
1
1
11
15
2
3
2695
7
14
1
1
1
3
2
19
1
5
7
5
2
5
2
1
2
4
1
72
1
1
3
2
4
1
13
3
3
1
3
26
9
108
22
9
1
1
674
2
1
1
62
1
12
877
5
1
2
8
1
1
6
1
17
21
4
2
3
1
2
1
2
526
101
132
1
125
16
452
1
1
8
5
1
8
3
1
1
2
3
2
14339
3
13
6
1
3
41
2
8
651
7
2
29
1
29
9
52
37
1227
2
8
3
1
14
1
2841
13
3
2
3
2
11
1
1
32
195
651
1
1
1
2
1
41
1657
6
2
2
2
33
1
26
2
1
1
1
2
1
14
17
1
7
8
59
5
3
2
2
18
94
2
17
53
34
1
20
72
1
1
56
1
5
1372
1
3
1
2
1
43
38
1
4
1
4
526
1
1
7
1
1
164
36
2
1
1
1
1
1
1
2730
1
1
1
2
2
7
123
4
4
2
2
1415
18
4
2
4
127
1
2
1
28
89
1
12
9
19
4
16
41
46
1
40
1
1
6
5
6
21
1
2
2
96
2
1
1
2
525
1
1
30
1
2
57
3
53
36
4
1
3
1
233
667
1
1
2
5
6
1
6
4
3
15
2
6
1
1
6
32
4
37
542
5
1
1
2
1
25
1
1
2
4
1
1
2
1
1
2
1
5
2
3
2
48
1
1
30
3
2
16
2
33
4
1
12
16
7
1
6
4
2
1
3
6
2
9
1
3
13
1
21
1
1
2
71
16
21
2
1
1
4
3
1
6
2
13
1
7
3
3
1
1
2
7
1
2
30
2
2
6
8
1
2
34
28
1
1
29
8
1
14
8
2
2
20
1
2
1
1
2
1
1
5
66
6
1
1297
2
1
594
19
3
93
1
2
1
2
5
2
4
2
56
5
2
9
6
1
1
1
1
1
1
22
34
295
2
1
1
8
1
6
4
1
1
1
10
7
2
12
1
1
1
4
3
8
1
27
5
1
2
1
4
1
5
2
1
15
1
1
8
28
1
1
1
112
3
3
1
1
8
25
25
2
4
1
1
1
17
16
1
7
191
18
1
213
4
2
1
1
1
1
9
1
8
1
1
33
1
1
10
10
1
6
1
13
6
1
1
39
1
1
11
31
46
11
2
28
147
5
1
2
3
6
9
1
1
1
2
3
351
13
1
2
32
1310
1
34
7
24
1
1
5
130
365
1
5
11
1
1
2
1
13
1
3
1
3
29
102
2
94
7
1
2
1
4
1
4
36
1
1
5
7
1
1
1
166
1
5
1
8
64
1
9
1
1
7
2
1053
12
8004
10
63
1224
1
3
1
24
860
4
1
1
1
1
29
5
5
1
3
12
1
1
128
1
2
1
1
7
2
5
5
10
1
11
6
2
5
1
9
1
54
3
5
11
1
23
3
6
1
1
3
6
7
1
6
2
1
3
1
2
12
1
6
1
3
1
2
1
1426
1
1
6
1
12
1
1
1
4
4
1
1
4
1
1
3
77
1
4
2
1
1
1
1
13
4
2
4
287
1
1
3
1
4
2
4
1
16
14
3
12
3
10
35
1
1
1
4
2
16
22
36
1
1
1
1
2
24
2
3142
2
1
23
6
31
2
15
1
7
1
1
8
30
3
1
30
1
4
2
15
2
1
1
2
14339
11
1
526
1
1
1
3144
1
497
7
1
54
2
3
1
8
52
6162
2
33
3147
1
2805
85
1
6
1
71
8
9
1
2
408
5
3
1
4
1
3
1
2
3
11
7
6
1
1
13
4
3
10
13
11
1
5
13
2
1
27
1
199
4
1
1
1
2
1
18
9
4
53
1
2
1
109
9
5
2
19
17
1
2
2
3
2
2
2
11
1
1
13
2
1
2417
2
1
6
66
2
4
2
3
22
27
1326
1
2
1
5
1
2
5
5
4
988
1
1
2
1
42
1
1
1
82
1
1
3
1
4
1
1
3
75
37
115
235
17
1
1
5
1
1
12
89
79
12
1
2
1
1
2
1
12
2
25
1
1
1
1
2
1
3
2
2
2
15
1320
34
1
136
1
1
1
14
1
4
1
56
1
1
6
4
108
2
21
1
2
1
1
17
1
1
1
1
1
1
41
1
2
6
2
1
4
1
1
3
2
2
3
2
2
1
51
8
90
1
6
3
2
1
1
3
2
2
3
7
1
2
2
6
25
10
5
10
1
1
163
21
15
2
2
2
32
1
43
1
9
1
1
6
2
2
1
1
35
22
53
5
2
3
1
12
1
9
12
456
21
14
1
1
1
1
3
1
4589
1
5
1
3
68
1
545
2
81
1
8
1
1
71
69
526
3
1
3
1
10
1
11
1
1
1
3
1
1
7
4
1
1
1
23
38
1
27
1
15
1
12
3
1
2
19
1
2
1
1
1
1
73
4
2
4
10
16
2
7
1
1
7
2
5
1
23
5
1
32
11
1
2
1
1
1
1
1
3
9
4
1
176
1
14339
1
1
1
1
1
1
3
179
1
1
2
3
160
1
4
3
1
4
1
1
4
3
27
153
2
1
1
5
2
1
4
8
1
3
1
1
4
148
7
2
16
6
1
1
11
1
1
4
60
84
1
1
10
2980
6
564
13
76
119
1
38
1
3
321
486
6
41
24
24
1
1
6
1
3
1
1
16
1
117
1
2
18
1
1
1
9
1
7
34
3
8
4
1
5
58
1
2
1
2
1
18
1
1
1
6
45
1
2
3
1
22
5
27
1
1
1
6
1
449
3
7
1
151
4
4
1
4
2
51
1
1
2
1
3
1
1
1
1
39
1
227
74
3
3
2
3
1
18
3
23
5
35
167
3
1
1
1
2
100
9
134
2
6
15
1
8
373
1
162
180
1
1
1
32
14
4
1
1
36
7
112
21
1
2
1
434
22
2
1
120
2
1
1
1
1
10
2
20
2
7
1
1
1
1
9
3
2
17
1
2
7
15
2
7
11
3028
1
1
2
24
1
70
668
1
3
4
1
1
1
34
1
11
2
1
10
1
1
1
2
1
2
1
1
1
2
1
1
10
2
1
197
2
9
525
1
1
1
1
3
3
1
4
1
4
4
2
10
48
1
48
1788
15
2
2
1
1
1
26
2
110
1
3
1
4
2
1
10
1
1
5
10
4
1
2
3
1
10
1
36
1
1
22
5
23
7
1
3
40
2
9
1
1
2
3
1
1
2823
1
17
4
3
5
5
2
5
38
1
33
87
75
5
140
5
2
3
7
4
1
1
1
1
2
3
1
1
5
7
3
1
123
4
2
645
6
1
571
16
6
129
1
3
124
104
25
1667
14
10
50
3
5
1
6
2
3
159
1
1
2
1
26
7
1
1
1
29
4
1
1
1
1
3
4
5
1
4
138
2
2
141
8812
10
1
2747
1
3
25
1
64
1
2
4
14
1
9
4
3
1
1
433
1
3
1
1
3
19
10
1
1
1
16
1
1
1
4
2
5
4
1
2
1
132
10
8
1
1
8
6
1
1
1
480
3
10
2
65
1
1
3
6
4
1
39
2
1
12
1
3
10
13
22
61
9
1
1
228
2
1
1
14
1
17
1
1721
1
5
20
5
1
5
2
4
1
1
8
6
10
2
3
2
4
2
76
2
1
2
1
2
1
2
6
1
26
27
1
3
7
3
3
1
1
1
1
19
1
3
4
1
83
1001
1
1
1
4
1
1
1
15
451
78
1
3
4
1
3
1
2
507
1
1
1
1
8
1
1
1
1
2
1
1
1884
273
1
1
1
7
154
661
6
1
4
1
1
2
5
2
1
2
1
11
58
4
3
1
7906
3
366
1
3
2
1
1
458
1
65
5
15
2
11
3
1
3
2
1
2
1
1
4
1
1
2
7
2
27
1
2
1
2
1
2
1
2
1
22
99
11
31
2
19
2
11
19
1
1
3
3
4
1
1
1
89
1
1
2
2
1
129
3
1
26
53
16
3
1
2
2
1
13
2
4
2
1
2
168
1
4
1
1
1
1
1
1
5
1
1
1
2
9
16
1
1
1275
2
8
2
2
4
651
2
3
17
5
25
1
1
2
57
1
6
1
1
3
1
1
12
1
1
25
1
1
2
1
4
3
2
8
1
28
1015
1
1
3
9
4
1
1
1
3
5
107
2
9
1
3
6
1
1
1
14339
2
21
23
1
1
22
1
1
5
1
1
1
1
2
69
9
4
1
1
41
3
1
5
1413
1
7905
841
1
12
17
544
1
7
10
13
2
1
2
18
1
47
7
1
1
3
1
3
3
1
18
4
1
5
6
534
11
1
13
1
3
97
3
39
16
2
4
2
1
3
3
1
1
864
1
1
1
22
13
4
26
1
4
3
21
1
526
1
58
6
2
7
3
1
1
215
1
1
1
2
1
2
8
1
1
1
4
1
526
1
28
1
1
1
7
1
1
12
1
1
1
2
12
1
1
1
7
3
32
1
110
2
1
2769
35
5
1
3
3
1624
1
1
1
3
6
6
4
443
3
1
2
8
1
11
1
29
7
16
1
7
2
2
1
1
4
325
1
4
2
2
105
3
25
1
1
1
18
2
1
4
1
16
1
1
2
1
5
2
2
1
2
9
1
4
1
6
29
1
4
13
1
1063
2
2
6
3
1
97
2
1
1
3
1
2
1
1
2
4
49
17
6
1
1
1
4
1
526
1
138
1
1
1
1
111
1
2
1
10
3
7
1
1
29
1
2
1
1
2
1
4
28
9
2
50
4
7
4
1
4
1
2
2
1
1
1
1
1
110
2
1
1
1
3
6
537
1
565
4
1
970
1
6
3
1
3
6
3
4
1
2
1280
1
25
1
2
3
2
1
3
2
1
14339
1
2
9
3
18
3
24
408
4
1
26
2
526
1
1
1
5
1
12
1
1
5
1
4
1
1
8
2
1
1
1
2
12
1
1
2
1
10
1
2
2
1
1
4
1
1
10
6
28
1
4
140
67
1
9
1
2
1
505
4
2
1
3
5
5
1
63
17
4
287
1
1
21
6
119
1
2
1097
5
1
1
1
5
10
2
12
3
5
1
1
3
2
5
7
12
6
63
2
4
2
3
3
6
1
15
17
226
1
115
1
1
7
3
521
12
10
1
2
1
1
13
1
2
5
4
49
1
3
2
1
20
2
1
5
1
2
2
1
1
1
7
1
1
3
1
1
1
9
1
1
4
1
7
28
1
7
1667
2
1
2
1
13
4
11
4
18
2
1
1
6
1
1
1
2
1
2
6
3
1
1
7
510
131
1
1
1
1
140
3
4
44
1
1
5
8
4
1
169
2
1
1
29
231
1
8
5
3
3
39
1
4
5
9
10
57
8
1
5
1
1
681
1
3
2
3
9
49
91
6
39
3
18
11
1
2
23
1
324
2
730
4
1
1
102
1
5
5
1
3
18
1
7
28
1
3
91
15
1
14
7
1
1
3
2
1390
3
1
1
1
2
3
3
2
1
1
2
2
2
1
14339
120
2
2
1
1
16
40
2
13
1
3
45
1
2
2
2
1
41
3
1
69
2
1
18
1
2
2
1
526
1
1
13
1
3
2
2
350
1
1
5
133
1
2
45
651
476
1
2739
1
1
2
11
14
110
3
7
657
2
2
1
2
3
3
36
1
4
2
26
1
1
11
1
1
27
1
1
3
11
1126
3
1
1
1
2
13
1
1
1
11
2
101
1
15
1
1
1
7
1
7
1
1
2
108
5
1
54
8
1
1
4
27
9
6
1214
98
8
27
2
1
7
6
1
1
1345
3
22
1
6
3
14
5
1304
2612
2
1
1
1
2
29
1
1
11
1
4
1
434
1
2
1
1
1
25
5
14
15
18
1
3
1
1
1
19
3
799
72
2
2
1
7
8
14
3
13
2
14
3
1
7
2
1
1
1
5
14
1
8
2
1
6
1
5
20
1
11
2
1
1
2
1
1
1
59
1
7
1
19
1
1
8
165
18
146
1
1
3
5
8
3
48
2
3
52
192
1
526
1
1
9
65
2
2
5
4
1
1
6
2
14
10
3
1
2
4
3
3
81
14339
1
1
2
3
20
7
1
1
8
1
104
2
30
6
5
2
1
2
1
1
1
1
4
1
1
12
14
1
1
1
1
23
1
422
6
1
2
6
1
26
1
1
1
11
1
1
1
3
3
9
1
10
3
2
1
1
7
1
1
17
112
2
4
1
3
1
3
16
1
1
5
3
1
1
30
2
2443
4
1
1
1
10
1
7
2
22
1
1
2
19
285
2
218
6
1
1
4
1
15
1
12
22
35
7
67
16
1
1
1
1
3
1
14339
66
5
2740
2
20
1
1
65
1
194
136
1
24
1
3
1
50
14
11
1
3
5
3
1
1
165
4
2
1
1
6
1
2
11
1
3
12
1
9
3
2
33
1
4
4
6
1
1
1
2
5
1
15
1789
1
4
1
4
33
3
95
10
139
1
97
438
7
95
11
1
1
4
39
3
38
4
3
1
9
1
1
67
12
2
6
11
3
1
1
1
1
1
2
13
2
1
4
4
6
4
1
5
2
1
92
1
728
3
3
1
1
1
5
6
2
1
117
3
1
7
1
1
3
2
1
1
188
2
5
1
6
491
1
352
16
14
1
1
2
1
2
1
1
1
2
2
1
11
1
5
4
1
2
1
7
9
4
2
7
4
1
2
14
3
69
1
1
1
1
1
52
1
1
2
1
19
7
1
2
1
1
2
40
1
3
2
22
2
7
1
5
2
1
2
37
1
139
6
1
110
2
8
1
2
1
1
1
1
1
4
5
302
1
3
1
2
1
10
1
12
651
3
2
24
1
11
2
2
4
106
3
16
1
4
1
1
31
1
177
2
12
18
3
7
1
2
3
3
3
3
3
3
30
30
4
10
1
23
2
374
1
1
3
1
1
1
1
1
1
5
4
1
2
1
12
86
1
4
1
1
1
16
3
2
1
3
1
2
152
1
3
1
5
153
2
542
2
6
1
1
2
3
10
1
1
2
4
1
1
3
5
1
1
8
6232
1
31
37
1
2
1
34
1
8
3
3
13
1
2
12
1
151
3
12
478
12
1
1
7
42
1
1
1
1
14
3
17
14
1
44
1
9
2
1
376
2
1
3
1
2
2
64
82
3
1
1
3097
2
8
3
1
2
10
2
18
2
9
10
97
1
7
9
1
15
11
11
1
13
4
2
728
1
1
1
14
6
1
1
6
6
3
13
341
13
1
1
1
2
1
68
1
1
5
1
5
3
3
394
4
1
2
2
1
49
6
29
1
2
9
3
6
1
1
2
1
1
12
651
1
1
3
4
14
2
1
1
1
266
1
16
1
522
2
2
18
1
2
1302
1
8
13
9
30
2
14
6
1
43
18
1
1
1
8
111
1
1
1
8
34
1
1
1
164
1
1
4
1
4
206
10
1
1
1
3
1
2
1
1
876
1
1
3
4
651
3
4
1
1
526
1
1
8
1
4
3
1
14
14339
4595
1
21
1
16
2
127
1
3
3
8
1
3
19
1
7
2
1
4
1
3
1
1
14339
3
6
14339
1
3
2
1
3
2
1
1
4
3
1
2
684
1
2
1
1
1
12
107
11
47
1
123
10
1
1
38
148
46
1
6
1
15
1
4
1
7410
1
3
1
4
133
1
4
3
8
5
3
1
1
1
2
232
5
1
15
1
1
1
1
3
1
3
4
1
5
2
2
24
2
5
1
5
112
1
5
30
18
1
4
2
64
10
12
500
9
10
4
6
1
167
5
6
2
1
22
4
1
18
16
1
1
8
16
3
2
1
1
832
9
1
9
1
51
3
3
159
1
1
1
565
1
1123
116
1
1
1
1
2
2
1
1
5
1
1
1
1
10
1
31
1
3
1
4
2
9
1
8
1
1284
1
9
91
1
5
3
1
7
1
1
5
152
8
34
6
33
2
1
2
1
1
1
1
1
7
7
2
4
1
198
1
76
3
1
2
1
3
3
75
2
1
2
1
15
5
1
1
8
14
119
11
65
14
1
2
1
3176
6
1
2
1
9
1
1
4
2
1
1
60
13
3
142
7
1
10
1
2
14
74
24
14
1
130
4
2
27
1
5
12
4
408
1
1026
1
72
1
2
1
1
1
1
6
5
1
2
1
1
1
2
2
1
1
5
1104
4
13
1
4
2
3
9
5
2
5
9
2
18
40
1
343
1
1
72
13
12
1
2
1
2
1
1
34
1
1
1
2
1
1
3
1
1
75
1
1
1
70
1
1
4
1
2
19
11
3
2
1
8
3
1
5
3
5
1
1
1
14339
2
21
14339
5
3
1
2
1
452
26
1
3
2
7
1
1
75
3
1
2
339
1
2
1
56
5
4
4
1
7
2
1
198
2
2
3
1
6
367
1
3
1
5
2
2
21
1371
23
1
930
1
31
1
3
1
5
1
110
1
1
1
3
1
12
6
1
32
8822
9
1
2
1
7
1
1
5
11
2
2
1
1
173
2823
73
1
2
190
5
2
1
4
18
2
2
1
512
1
3
1
1
1
2
1
1
5
1
1
2
2
1
2
20
4
1
7
121
144
1
1
861
6
42
4
1
1
3
1
5
1
3
11
1
1
1
27
2
1
4
27
1
1
1
2
1
3
23
1
1
18
570
1
1
2
16
2
33
1
1
1
5
22
3
11
2
4
1
13
1
1
1
64
1
1
22
4
23
12
1662
229
50
2
25
3
6
54
1
1
2
1
10
1
15
7
2
2
1300
1
2
1463
4
1
1
3
9
1
1
2
3
2
9
4
3
1
2
4
1
30
1
4
3
1
5
3
1
17
4
2477
1
1
5
3
1
22
11
1418
1
1
1
27
1
2
40
2
10
7379
13
1
1
214
1
20
5
1
2
1
1
9
2
3
1
1
12
483
3
1
1
1
2
1
6
5
2
1
1
80
1
3
7
29
2
1
7
27
2
7
1
1
6
2
2
2
2
665
1
2
1
1
1
2
5
2
1093
10
1
2
10
31
1
5
173
1
1
1
143
1
1
3
1
1
5
1
1
1
3
7
1
1
1
1
14
1
10
1
70
1
1
35
1
21
4
1
117
1
1
6
1227
114
207
1
1
1
19
3
115
1
122
4
2
3
1
11
3
15
143
2
5
5
2
2
1
3
1
5
1
1
1
2
164
1
4
2
2
5
14
2
3
1
483
4
3
1
3
9
68
1
16
2
9
14
11
1
1
21
44
4
2
1
2
1
1619
7
7
1
9
2
1
6
1
59
1
1
3
1
2
42
5
1
12
1
98
1
439
1
2
5
1
1
1
1
1
1
29
1
1
44
1
1
1
73
24
2
11
1
1096
97
1
1
3
2
7
4
1
1
1
64
1
7
3
9
2
13
1
1
2
4
1
8
5
1
1
1
4
1
1
4
2
1
158
40
1
1
19
9
1
1
5
29
1
293
7
4
6237
2
2
2
1
1
1
7
50
1
18
2
1
1
1
1
12
5
1
1
1
29
1
2
1
2
1
1883
1
1
13
2
1
6
2
2
1
7419
92
14339
4
1
6
1
8
2
3
1
14339
14
1
26
1
1
1881
1
4
1
2
53
1
146
1
1
1
59
1
1
1
58
1
21
3
3
4
1
4
1
2
1
5
579
14
2
1
199
2
1
567
1
1
9
3
1
2
16
42
1
1
1
1
8
2
61
1
2
6
16
1
1
3
3
16
4
140
1
1
1
1
19
1
33
1
27
1
2
1
2
2
1
1
1
3
2
6
3
1
51
1
22
1
11
1
1
1
338
4
3
1
1
1
2
1
4
2
3
2
1
60
1
1
1
1
1
2
42
2
47
25
1
1
9
7
9
32
20
8
5
13
26
1
1
27
3
1
1
3
2
88
19
93
1
42
2
2
2
1
15
1
1
12
2
1
4
65
27
1
6
19
6
25
1
70
1
39
1
5
1
269
1
1
4
1
3
526
1
1
12
2
135
12
1
481
945
3
2
5
2
20
1
4
12
2
1628
2
1
1
1
3
3
1
1
7
75
5
1
4
1
7
1664
165
1
88
2
5
1
4
3
2
294
1
8
7
6
1
329
1106
1
1
6
1
2
2453
100
1
1
3
17
2
396
116
14339
2
28
62
1
2
1
9
1
14339
1
1
2
1
1
1
2
1
123
1
1
5
11
1
2
1
1
6
2
1
2
1
1
2
41
1
1
16
1
1
14339
11
14339
1
1
1
40
3
2821
1
1
9
63
1
1
1
1
5
1
1
1
2
1
4
651
1
3
1
20
1
16
19
170
3
1
40
2
1
1
8
33
1
1
18
2
2
414
1
1
2
35
1
42
286
1
14339
598
5
1
1
8
1
3
3
7
1
5
4
1
37
2
2
362
3
19
2
4
3
1929
18
10
1
12
1
5
1
2
1
11
2
75
4
1
2
1
4
1
4
70
1
1
40
1
1
358
2
738
3
1
10
1429
2
2487
2
1
1
1
2
263
1
2
4
1
1
22
2
1
2
2
1
4
6
2
3
2
2
1
3
2
9
41
1
6
3
2
1
3
1
651
1
16
1
2
24
1
31
1
5
1
1
2
2
1
1
2732
10
2
1
2
2
1
1
2
6
1
2
2
6
2
6
1
5
1
21
5
14
2
3
6
1
2464
5
1
1
1
16
563
1
16
2
7
1
9
1
526
1
1
2
3
546
1
1
1
1
1
82
2416
2
3
3
1269
2
488
1
705
104
1
2
1
8
1
1
14
1
40
18
8
2
3
1
1
14
153
11
1
43
1
13
2
1
1
2
1
40
1
1
2
3
16
3
1
1
1
6
2
6
1
1
2
2
27
2
4
40
1
1
36
8
6
3
2
1
1
39
1
2
1710
2
4
1
1
1
10
2
663
14
1
1
3
11
113
3
535
1
46
6
1
1
2
290
5
7
2
186
2
1
3
9
31
25
2
2
2537
30
1
1
5
28
3
3
1
4
1
34
1
2
23
11
8015
7
14
1
5
4
1
6
2
2847
2
3
6
8
3
300
1
1
2
6
2
8
95
1
865
1
1
41
9
5
3
10
1
2423
1
1
1
1
2
2
1
1
2
1
2
1
6
7
1
32
29
3
3
1
2
3
5
2
36
1
6
1
13
1
2
1
8
1
1
1
1
97
1
2
7
1
6
2
4
1
3
4
1
1
1
3
2
15
1
1
14
2
1
1
364
16
1
2
49
83
1
51
3
651
2
35
1
1
2
7
6
1
1
1
6
3
1
11
22
4
2
1
5
1
3
38
8696
6
1
2
1
1
1
1
1
54
3
1
1
3
2
2
15
1
21
339
1
544
2
36
1
18
3
1
5
1
2
2
1
2
47
3
7
1412
1
2427
18
1
54
5
16
6
834
1
2
82
71
4
9
1
41
2
1
1
6
1
3
1
6
1179
2
503
10
3
3
8
4
1
1
1885
2
3
5
14
1
10
47
3
1
8843
2
266
2
12
1
2
1
1
4
7
1
14339
1
3
1
22
1
1
20
2
4
206
1102
37
46
1
1
1
1
7
2
8
1
9
2
99
1
1
5
45
13
1
14339
5
2
2
1
33
15
8
112
1
3
9
2
97
20
56
1
3
84
3
7
2
6
2
2
2
31
7
1
1
1
52
1
4
1
1
4
2
1
9
13
4
1
1
1
1
3
2
2
9
1
1
3
2
1
2
1
1
1
5
76
1
1
75
25
1
44
1454
1
3
1
2
1
1
3
1
1
73
6
1
2
4
7
1
2
20
1
1
1
3
5
1
14339
2
12
5
7
1
45
1
1
1
16
1
1
1
192
45
84
11
3
107
1
1
1
3
1
1
3
5
1
4
64
1
8
4
4
29
1
12
154
34
2
5
1
1
1
2
2
1
1
4
1
478
6
51
1
2
1
1
1
2687
1
1
5
15
7
1411
1
5
54
1
12
1
21
1
947
1
4
2
1
2
132
5
145
1
1104
1
1
20
6
3
12
12
1
1
7
3
2
90
4
1
74
1
1286
3
1
2
10
1
4
1
13
10
9
1663
2
31
13
1681
39
1
1
2
2
1
1
1
30
1
3
1
2
1
5
14
2457
53
1
26
2
2
3
53
1
11
1
2
7
2
2
2
2
1
4
3
3
24
15
1
5
1
1
1
2
31
1
14
1
1
1
55
1
141
3
38
1
1
2
14339
1
651
17
5
10
1
1
6
3
120
28
2979
1
1
3
1
8
686
8
2
1
1
2
2
4
3
19
1
19
2
1
3
1
5
6
1
25
1
94
2
12
21
14
5
5
2
1
651
27
1
14
1
33
23
1
7
54
14
1
3
2
30
90
8
1
4
1
2538
1
3096
5
5
1402
1
1
28
1
1
14339
2
4
4
3
1
1
1
74
1
1
32
1
651
1
2
5
1
5
7
1
1950
1
1
1
20
1
1
20
1
2
6
6
27
2
27
5
1
8
11
4
33
356
3
4
2
561
11
1
1
14
1
2
3
5
1
28
122
5
92
2
17
2
2
1
1
1
1
1097
2
9
4
9
363
4
1
2
2
18
11
1
3
3
1
1
135
1
2
18
4
85
19
1
1
928
1
2
19
5
1
3
4
1
1
4
2
3
8
9
1
1711
7
871
4
3
1
1
10
1
5
3
8
1
3
2
14
1
4
4575
3
2
1
14
1
4
3
7
3
2
1
2
48
14
3
3
8
4
98
2120
15
3
2
62
3
1
1
1
97
10
1
1
1
1
3
1
92
4
1
2
10
2
2
1
1
1
1
2
1
4
1
35
1
2
12
1
11
1
14
5
1
1
5
1
3
1
2
13
1
1
13
3
4
3
5
2
12
1
1
161
647
3
8
16
2
1
1
19
1
52
3
1
1
2
17
6
9
5
6
1
1
1
1
20
1
4
2
91
1
1
2
1
3
3
401
1
6
3
99
3
1
16
247
1
5
1
1
1
1
4
1
2
1
9
1
15
70
1
2
68
43
6
20
569
7
105
1
3
1
32
1
1
1
3
1
1
3
6
5
1
651
8
4
1
3
2
363
136
2
1
19
3
1
2
1
1
1
1
4
1
1
2
2
1
1561
1
1
1
1
3
3
2
21
237
524
1
2
1
490
8
188
11
5
1
2
2
18
11
1
1
850
1
37
1
1
17
1
1
1
25
7
6
6
58
1
1
3
1
11
20
1
2
21
4
1
6
2
17
1
2
5
1
3
4
13
1
1
4
1
23
7
4
1
8
1364
1
3
1
1
1
2
1
35
3
2
1
7
19
685
50
7
1
341
13
1
1
16
1
1
1
1
6
5
11
3
17
2
1
4
17
2
4
19
1
2
9
36
19
1
2
5
1
1
1
1
11
1
152
4
1
1
76
36
8
1
5
53
1
1226
3
13
1
1
2
2
4
8834
158
3
7
1
2
25
4
1
1
2
1
5
3
9
5
12
84
1
1
2
4
1
51
1
12
17
5
1
6
3
911
1
1
1
24
8
8
1
1
1
2
1
1
2
1
5
1
2
52
58
1
1
1
15
1
1139
2
15
61
1
8
11
1
1
1
1
1
1
1
582
7
8
1
1
2
31
1
1673
41
2
22
1
1
2
4
1
4
21
5
2
1
1
2
8
133
13
23
1
1629
1
3
1
32
1
1
1
7
3
1
1
1
45
1
1
11
1
4
4
1
4
3
1
7
13
1
1
3
5
12
2
51
7
9
1
17
44
5
1
1
1
2
2
990
1
18
8
1
10
3
1
3
100
1
8
34
1
2
1
1
1
32
1
27
1
17
1
2
1
1
5
2
1
6
1
1
2
29
2
1
1
1138
1
1
4
6
1
1
3
25
12
2
14339
9
1
56
2
222
5
4
5
1
3
654
1
1
2
1
2
5
8
2
6
1
1
2
319
1
29
86
1
1
1
24
4
1
1
175
4
17
1
1
62
2
5
1
12
36
934
103
7
432
3
2
25
1
1
7
103
1
5
4
1
134
1129
1
2
206
35
1
2
7
1
1
2
7
2
1
4
20
5
2
12
10
2
1
1
284
1
1
1
1
1
5
1
1
36
2
16
4
424
478
3
1
69
9
2
2
1
1
21
16
1
1
4
3
2
4
3
2
1
11
1
2
1
3
7
64
7
651
1
8
1
14339
37
9
23
1
2
8
1
5
2
14
2
1
2
5
3
5
62
1
10
1
2
2
1
12
409
2
1
1
1
1
1
1
2
24
14339
1
1
3183
1
1
28
1
2
1
53
33
2806
734
17
3
5
1
2
1
342
16
65
1
94
3
7
71
11
2
9
7
4
1
8
2
1
5
7
21
2
2
211
1
2
17
1
7975
3
80
6
1
1
1
5
1
4
1
1
8
13
12
65
831
1
3
1
1
2
10
3
1
6
4
2
2
26
1
1
1
13
3
1
4
1
1
11
8
10
1
1
3
25
2
23
1
2
6
2
1
16
1
148
18
1
163
47
22
70
1
1
1
7
3
1
1
2
2
8
89
987
509
2
1694
4
5
3
9
6
1
1
1
12
2
1
2474
77
1
2
19
2
4
1
10
4
1
29
2
1
1
1
6
2
1
1
1
1
8
10
1699
8
922
1
2
50
2
1
28
1
4
1
6
6
1
2
6
1
1
1
1
6
4
16
1
1
1
5
3
1
79
53
1
1
1
69
4
4
1
1
3
4
8
6236
4
203
2
56
9
1
96
4
3
8
92
1
1
3
4
1708
1
1
4
95
2
1
97
862
2
1
1
9
3
3
4
2
2
3
9
1
57
1
20
1
1
4
1
5
85
1
1
1
7
1
1
1
1
2
1
3
4
4
17
2
3
17
1
1
5
130
2
6
2
1
2
2
1
3
2
57
1
12
8
5
2
1
2
36
1
8
10
4
4
14
1
2
37
7347
1
29
1
4
1
4
34
8
129
2
1
7
1
1
10
1
1
1
4
4
1
1
1
14339
867
161
1
11
8
5
2
6
3
1
1
30
128
3
1
1
1
24
3
2
7
7
3
13
1
1
1
5
35
1
1
8
1
1
13
1
1
12
8
2
18
3
105
5
10
1
103
1
18
1
8
10
2
19
1222
1
12
2
3
3
14
8
88
5
1
13
1
3
4
147
4
27
2
2
1
1
1
23
5
4
1
7
1
1
1
1
3
5
1
1
2
3
1
1
1
1
4
1
1
2
1
1
14339
2
3
1
1
53
1
1
9
5
3
1
1
2
1
24
4
1
1
4
1185
2
1
4
1
2
1
1
1
1
1
2
46
18
3
1
7
15
6
1
1
2
1056
4
1
1
50
1
1
1
1
13
1
6
2
1
1709
3
1
18
12
10
10
2
2
1
1
16
2
14
28
4
1
3
8
1
6241
1
6
5
1
5
2
1
4
4
12
31
3
1
27
