10000 3
7998
1121
3492
171
933
2387
6761
9450
5080
72
7354
1562
9274
4999
8725
7374
9287
8899
768
3037
2151
9111
9088
329
1467
6758
8654
4097
7784
742
1387
4970
8755
3229
8505
7360
8657
3477
9022
8993
732
3922
6741
4499
20
8386
3619
880
7032
1850
8410
6670
9886
4890
7485
562
4745
2515
1610
6995
3890
1772
2730
3736
9861
5110
1799
3808
3028
3513
3326
1673
6905
1888
2364
7168
9554
1126
3738
1005
9353
6170
4069
5709
7114
313
9481
2204
5235
3305
3491
6173
8926
9350
9244
157
7086
5548
8954
908
2557
5607
3726
8706
9555
4300
4135
2717
8051
7965
7880
9883
5025
8125
2680
9825
6839
2009
7849
1043
7698
569
1481
1327
1637
1446
1145
6692
3993
6373
1740
7821
612
2793
5403
7892
1273
5019
2731
5096
6837
5665
4355
2109
2866
6768
2254
9821
4496
451
9273
3963
4198
4418
3649
1748
9499
5169
9538
4384
4747
6686
8615
6013
2165
6562
9369
3639
3021
1768
120
7807
4645
2166
7533
190
2800
9459
6523
5351
5339
3133
6311
5192
3886
7425
4789
1941
7766
5076
2746
2901
5114
514
9586
6780
1029
6192
7021
8816
1950
3740
4109
8133
1598
7935
497
2757
4733
6615
3862
2953
8637
5609
5480
1514
8348
3570
5633
6105
7757
9110
7765
3226
7628
2134
9676
7736
6274
7582
6912
4155
8767
7557
8187
1913
3345
608
6248
4705
4728
8095
840
5742
8403
7884
481
7665
8565
2534
3153
6543
1127
684
584
1598
1415
3965
7565
819
3914
2462
6595
1628
2840
5063
3795
8346
5854
5704
8687
3766
7176
3734
4078
3794
1587
483
4449
999
5207
486
872
8206
2367
8419
497
2778
2857
1326
6297
9588
642
9224
2086
9954
6934
3956
1592
6414
2838
9445
2996
3168
7955
2446
132
8360
9010
3964
8634
8730
7366
666
1930
5791
6836
5117
8316
6386
4034
3023
8897
3093
97
4335
9419
2542
2266
3677
3280
8620
774
5353
6879
884
7895
7684
197
8105
2911
3491
3324
501
8099
1338
5764
5100
6739
7121
197
3798
9756
7870
3446
2742
3645
6702
6640
4754
6027
3697
3077
7027
2640
4056
8407
6030
5267
5624
5562
8163
2717
2677
2191
8633
9277
9901
6621
7256
6292
1408
2184
6347
8912
7321
1463
9723
4591
3597
4789
8162
3355
2763
9173
8365
1589
7405
2904
6134
5098
8992
4368
5508
5004
4455
7050
3054
7085
3128
8216
37
4567
6370
6754
1798
1104
6913
9949
2094
4588
5273
6000
4654
5882
6410
4086
4160
3611
1424
7020
3108
6222
9835
820
532
6650
1028
7083
8105
1044
4549
9162
9800
2795
1224
523
8277
1090
9852
1181
3589
3550
2992
7317
7027
8526
5911
8253
1588
7241
6734
6021
4448
9827
4611
6450
2111
3128
4442
8616
1251
3761
1230
8040
2687
5403
8068
3900
430
5315
7814
3329
4000
1053
5990
408
3581
7235
4682
8886
2790
3203
6358
4771
3420
7994
8718
6145
4937
1530
6795
3677
7729
4381
5764
6899
7145
6930
2378
3982
3677
3776
610
1032
2528
6101
9831
7128
1345
4783
5377
8296
9216
4943
3134
111
9036
1450
6414
7813
2938
9135
1201
7740
3897
3959
5010
8555
1564
2787
1473
3517
1857
8648
5495
3816
8069
1665
9875
8982
9831
5436
6025
6268
156
3821
7418
4030
297
7774
1634
4172
3089
2746
8304
538
2950
8067
4316
9520
5398
3630
3661
5843
1131
7961
4197
3387
1198
3438
2616
3345
9126
9199
5837
1583
235
3781
6872
765
5176
507
3751
7471
7346
5020
3847
666
9807
8470
3406
1945
2040
423
9588
11
4547
3259
9125
1635
6829
2858
8914
9530
5259
1736
9386
7675
1669
8703
500
9862
3633
327
9551
7404
5263
1224
124
8816
4781
4441
944
5478
7252
9563
1211
4745
5859
8825
5472
3362
1067
2417
5508
5773
3909
2311
9861
5383
9593
488
678
82
5366
8431
7724
4959
6339
9149
5648
9584
7508
9691
8254
2143
5471
5847
1524
4588
5468
7427
768
6490
2185
1543
1379
132
3315
9223
8228
768
6199
915
1231
6754
4828
5842
5332
6772
6964
4136
6927
7200
3365
8809
5681
1165
8722
7187
7464
3846
1714
7322
3680
6871
680
8973
1415
2805
5888
9196
3773
8371
3521
2230
6374
3410
3012
7831
5789
2027
6317
5294
1051
6258
1282
2417
1034
2221
7858
1679
4463
4628
6408
4030
3776
6066
8863
3367
6029
6753
7750
1323
2329
8475
3754
7602
646
5212
9793
2864
743
1407
3143
6115
4985
5304
8321
6193
2496
3509
4161
1726
4762
7318
3460
8972
4017
3448
6630
9184
6689
4268
2324
3988
6521
5124
1652
4351
6751
1474
4518
7870
6013
7697
243
4367
6921
950
3605
1018
5740
1941
7418
9227
1983
6711
3110
7353
8796
6504
2691
7173
4615
4757
7076
6888
299
2443
5889
1923
2855
4056
9556
7025
4145
5031
3511
5334
2156
1220
8945
2277
5464
4721
1131
1838
4737
6457
2844
7394
4001
367
2806
1327
17
6982
2170
4267
8268
5264
3844
3153
1340
6566
8622
5827
1398
558
1755
7351
5354
3457
1152
5317
9686
4596
8962
6400
1778
8389
2426
9563
9052
2909
5477
8472
5409
2098
5236
6349
8054
3191
5790
118
8163
4295
3068
9412
5284
6703
9684
8255
2849
7841
197
8803
7214
5236
58
6833
2327
7903
5794
5347
5711
8842
7996
2902
355
6026
461
2562
5469
9819
311
7602
2209
1632
4149
7584
3651
411
3951
8822
5146
5781
8916
1705
7572
6441
6198
5426
4375
6484
9782
1144
2243
7071
7629
7724
5665
3685
3926
9601
1576
6521
9518
1724
2782
9800
1289
1141
9574
9564
3630
4041
3007
9295
5490
240
7440
9938
3964
5209
1649
7649
7136
2729
2944
5915
2310
9058
7203
2377
8796
6674
8965
9546
2145
6619
889
893
549
7975
4837
7042
2352
2688
2018
5023
3803
3145
2681
719
7165
3649
9505
8110
595
6223
2668
4792
9235
4689
9685
9930
7330
6541
5429
3219
845
8897
2571
3496
9280
8987
183
7513
1110
8408
1326
1509
703
9269
9448
6106
2153
2305
2219
105
4130
9037
5983
1463
2536
5829
7883
8863
6335
2684
2443
4182
5617
8702
8531
6677
3083
4844
8043
4077
8186
4064
9109
4108
2717
5813
3010
2229
8662
8591
116
3543
1813
5503
6211
9958
466
1821
1577
3445
9000
3203
7168
2460
83
1664
9776
7978
1713
7775
2825
5855
1935
9805
3965
4439
486
2081
5208
5847
636
5476
1783
2023
4020
9008
6650
1352
2022
7179
753
6955
1504
414
6019
2283
7818
2190
7909
7478
5695
3067
8363
3222
6352
9019
2634
5552
7714
975
6754
3633
9063
4770
3313
3399
653
54
3646
3262
3049
5704
661
4295
8477
8259
1407
6970
3023
4966
9123
794
3448
2979
6627
8735
4126
103
5380
1499
1124
8881
2807
1748
9378
5925
815
7350
1301
1748
1414
5599
2335
1339
5560
1595
365
3161
8805
1743
8976
1731
1423
9531
2337
7412
4561
3181
3623
1464
5201
8588
9567
8580
5496
4400
1972
5937
8882
7688
7937
4668
5933
7919
1030
1122
6009
2376
1910
3068
4982
115
1712
3953
1008
1564
3880
9547
545
1722
566
6946
5311
8166
7884
3621
3347
6339
7714
1596
6515
7728
6668
4593
9429
6084
6198
9470
4817
585
3346
1528
2361
8137
9523
7049
1334
9593
2704
6050
1895
3590
8846
3097
921
1590
8555
9174
6149
4793
3189
9870
7610
4102
9684
3423
1151
2439
4427
785
1435
1551
93
5133
1852
8744
9395
5409
7621
7931
5100
8792
3572
1809
3311
8393
9196
815
4692
7422
7073
3984
9666
7106
7705
7563
7928
2891
6272
4470
1313
7379
2550
799
2384
9472
4603
5117
5290
8252
7345
7042
8716
4284
9114
4319
9983
5252
4649
6464
4852
8917
9111
8491
3583
4630
5695
8425
228
4313
6688
4045
7062
1338
2662
5677
6595
9995
9047
9978
2568
1642
2600
140
1645
4888
2906
5348
362
5240
4139
1714
3470
4185
8130
9331
2580
1456
4042
6532
6419
9429
5531
2944
4018
2075
976
8221
1553
8807
1803
9759
498
1690
4189
4741
7813
1163
5025
1214
4750
2053
6445
2219
9224
8489
4176
6810
6049
9382
8137
9091
7416
7352
6250
2855
9810
1195
7826
7341
4900
4166
4947
9570
3613
2792
9444
3771
8694
3217
7050
3514
183
7334
9492
5511
7913
5791
6336
8281
9284
2811
8871
842
8375
547
3803
5842
4680
8052
9895
8568
8675
2843
1627
8119
3729
3588
9796
2626
8860
9143
7233
3357
9026
364
9394
5594
1264
7053
1963
7126
7519
4141
1178
193
2219
5081
510
1935
1002
1887
7601
1232
5501
970
9786
1682
433
5210
9876
5234
1893
3498
2885
2051
2106
4149
9032
2403
6206
9979
358
3107
9642
3097
8882
983
4989
70
2771
15
2268
6097
2723
1757
9086
2791
3603
9205
8820
3561
3227
6312
841
1220
7325
6222
4201
3744
2980
6080
7810
1635
8708
7311
7140
2237
9816
2070
5479
3428
6488
5163
7574
9490
2970
4282
6740
2035
2293
5041
156
827
4576
6419
6379
2772
1886
1211
3515
6060
2550
4727
9155
4232
9746
4872
773
7121
5608
4370
4440
9984
6638
1093
5151
7543
6672
9190
8552
5504
3477
4557
4798
2641
2877
100
138
9917
9147
7692
1483
8396
8787
4385
8810
4286
9425
8657
2559
9827
1076
6631
7971
7466
2806
9228
3621
6758
743
8797
204
6807
2598
6096
4817
6805
4307
4904
3108
8026
4475
5654
6610
3377
9089
9762
8455
6676
7902
6217
362
3040
700
3510
7881
3829
6486
1434
9643
1425
6844
7447
4944
4863
1208
8204
6789
3317
109
4506
5572
1905
334
5062
598
2877
99
2142
2833
8741
937
8595
2548
5833
3106
9692
408
5207
176
7087
8158
9373
1277
418
5491
1820
222
1016
6096
3167
9091
8041
8295
8183
2906
8172
1144
8569
3470
938
1686
8200
6783
6045
392
8313
2087
5190
5593
3662
9201
9451
6824
3270
3519
2300
9449
8437
3297
7808
2224
89
2667
6044
6673
7138
3511
732
3765
877
9608
5744
7510
4658
3256
2770
7768
2547
654
5859
1025
8877
8873
3307
1559
4508
1414
3320
9050
5957
5693
3658
4257
664
6900
3390
9568
9039
5311
594
3529
1450
1137
9495
5780
9853
3648
2763
5869
5785
4059
8487
9581
8438
3205
1918
6729
4919
5999
955
623
1257
2845
9673
1119
457
8147
3587
4362
5254
7347
9458
9302
6983
9659
7109
9954
9956
265
2493
6955
3306
8620
4802
3794
4691
1468
9439
5138
8686
7927
9924
4275
4202
8649
6728
5690
8968
8263
5085
8771
6060
6622
2647
4563
5786
7009
7936
3012
138
6770
6660
4661
5048
5947
5766
8282
41
6303
7292
8198
4331
5139
4009
1798
647
2988
5414
9154
9644
3385
2690
1750
1530
8823
5070
3929
6246
5584
7312
3803
4545
9945
7879
6939
9676
9024
5462
4451
8762
1814
2749
5224
6191
6087
9626
6108
9676
1072
7531
1546
3867
3945
2643
1912
7975
6744
8129
9633
1152
8391
3355
7343
5544
8205
7513
7883
6304
2847
1994
1415
1990
284
1168
5563
9556
1257
6425
3417
4040
8909
7194
6525
7864
3929
1189
9391
7984
3454
5435
9928
8379
7470
6386
3872
2045
4617
6060
3854
1321
5269
3504
1346
2670
6752
6790
9661
9952
4564
8790
2560
4907
4251
4973
9751
8845
782
2753
2363
8526
5597
2920
2619
8097
6152
2622
3004
4548
26
8182
1166
4730
4604
6190
420
7024
3280
3477
115
2324
1224
7718
7444
6163
3342
7449
7980
1644
7534
3394
3828
8671
8776
8780
4013
9375
8987
4341
2484
6376
6195
6291
1511
9046
8517
5763
2648
8422
5771
6223
5503
5065
4091
6902
5093
5178
4275
3794
5035
4760
2248
4833
8469
8833
2045
551
6122
9771
4131
7653
8896
4413
6585
1712
9627
6034
8967
1002
5050
1141
3508
9358
4654
6623
6097
867
3072
1310
6670
5499
1388
963
2533
3833
3503
1839
4326
6291
6806
6463
207
596
2622
8532
2505
1305
2188
524
5741
8231
8176
1584
7313
6176
9483
3622
8384
2755
4551
3502
6492
9911
1315
5316
6907
2017
9956
1533
8037
285
7890
8903
7363
2224
4445
3347
1067
9530
4524
8055
3030
1845
3578
2213
3048
9537
13
2747
5472
2175
5937
9948
2546
4180
1225
5293
7519
3539
8127
9102
4194
9527
3717
1262
9202
9347
4786
9874
6130
8967
4250
8193
5812
4403
9126
4964
7204
6678
2179
4778
2318
8295
3033
6504
82
6954
7751
7113
2185
6848
5783
9430
7143
9808
8133
6686
502
2995
142
8626
8369
8332
8722
6676
6341
9235
6813
3540
6472
7488
7103
5006
9241
1178
2162
8256
9313
874
6454
2935
679
2562
2623
1413
6755
8955
6897
8373
5301
4140
8569
5464
6357
1973
6202
5213
7336
6917
9941
5411
6950
6615
9125
22
4793
3687
9026
5144
546
4915
127
3731
3400
1725
9826
9007
4799
3948
8927
8341
7340
4954
8045
890
6625
2992
301
3396
9104
1402
3861
1967
1025
7725
9949
7139
4043
9913
3511
7145
1843
8355
1836
1556
5422
1167
8320
230
1623
3355
1006
1393
1502
9732
612
1762
8031
9737
2428
1243
9956
7891
6447
108
4913
4224
9009
8464
2983
9693
1160
4884
5818
6625
6398
1167
5861
5537
7545
5894
4440
1913
3113
5297
5401
1151
4570
9995
9548
3382
4699
9199
3263
4932
2352
8281
1407
7147
8721
2387
2184
1522
9458
6472
4739
9320
9304
1052
9787
7648
9053
6822
3633
1036
2302
1656
1185
7392
7099
1543
3774
4998
7633
9067
4359
6222
1315
373
3153
6155
9033
1863
6262
4837
6050
1469
9485
6826
4307
6871
8645
7608
546
7845
8418
9869
5364
2377
8619
6965
3527
5118
4
9796
5068
2710
1824
3091
3071
5685
9184
3445
1010
1947
231
6541
2419
1996
7649
7855
8767
3641
5751
1516
3973
5003
5547
9119
9845
7944
8837
1036
442
6733
5468
7780
1913
2474
4992
91
5823
7259
1579
3469
7244
5918
1536
7017
6886
2253
5946
1719
3859
5221
9227
4488
9388
64
3416
9717
6455
6408
5700
8119
9451
8012
8135
1205
1084
2892
5950
9102
6591
9636
1927
1468
8876
4713
4022
9052
2333
3451
7814
5428
7210
7042
2904
5875
3863
4294
1522
9304
2732
6759
717
7505
5893
4809
2567
8101
6310
4581
2153
6854
7890
5772
7044
6150
6880
2413
7213
2708
3619
1440
2695
2283
8310
7612
2196
3144
1283
6240
6599
2812
6380
5041
2199
5878
3721
1592
683
9038
8323
9451
8534
8601
7851
2003
189
5604
7507
8141
4364
432
7831
781
7004
3325
1940
5374
7657
5673
4670
5027
8383
7615
2401
4267
1523
6437
8624
2857
9933
8734
7990
2042
1983
7431
3463
6088
2042
7604
7850
8565
860
3067
8263
970
3692
5371
847
7867
9928
2667
5142
9627
1355
9254
9937
8093
5669
1515
2716
6579
3008
1716
1186
7099
5481
8596
6981
475
5628
9101
1257
835
4028
4788
1518
3380
6538
4226
4860
4364
2101
8974
7487
544
3773
9517
3435
9570
3802
5924
4313
5039
1141
939
4269
4489
2016
8389
4033
5646
2608
2090
1475
6284
9902
2093
7335
6470
930
6151
4310
195
2268
568
1018
4178
8260
329
4629
3398
6735
9970
2281
4478
4480
3484
843
8527
3573
8065
4926
6006
9192
6346
1051
7538
1493
1206
5391
6694
2044
3588
5023
898
940
5811
5774
4117
3915
9566
2287
8203
9692
5255
9867
5763
8090
8266
3349
4923
7158
9289
5697
7855
5244
2041
8741
3844
7784
4509
2540
4633
7247
1177
1471
6210
4181
5526
8346
299
8874
9383
8174
4007
4881
7636
6213
2651
3508
8370
6328
5021
1047
2372
4748
5479
5597
8097
9965
735
1346
9680
5987
2898
5019
7168
5642
9453
2580
8000
9813
4313
1743
5414
7450
1051
703
7124
3126
2093
7838
8
2981
650
6047
1978
9176
1695
1436
8734
6945
3366
5891
9023
8266
1437
3831
4460
1488
2779
1097
3097
6852
8743
1526
5587
9375
5554
6360
4950
2799
4989
4862
5605
4862
9277
8145
7150
7397
9817
1404
1562
8786
5119
5972
9830
2034
2969
9992
6182
9185
6846
6089
8668
9178
8075
2961
6885
1489
8450
2723
7031
355
670
3636
2583
6625
4606
680
9558
1370
3791
5385
1586
1731
2882
812
755
324
9615
5017
4257
8024
2484
4911
5409
6940
6028
7994
8864
1657
8760
3090
5375
1257
5466
4559
3442
7874
7228
5252
6004
5426
484
830
1413
4160
2989
5791
6233
6890
9646
1470
474
7990
4028
1793
9705
8698
8865
1255
9580
9652
9694
5011
5160
2080
8350
2757
9056
8037
1916
6440
2802
8228
5385
1434
4791
8389
7774
6417
7082
1885
9931
2805
6290
449
5897
2747
5501
7300
7828
8594
2328
9928
9025
366
8862
3865
8219
3801
6582
3448
4869
6228
5728
7993
5744
5090
7057
4333
4885
4107
6156
9703
9536
1475
7428
3712
2353
8214
6623
1617
8635
7164
8608
6684
2664
5661
6489
9083
2516
6135
2092
7840
174
3431
5311
4089
2927
9087
129
7596
9105
2663
1142
1297
6195
7385
7547
4112
5439
3222
4343
7156
2590
429
7265
8180
1054
6864
8152
5525
698
4374
3858
8771
942
6094
9596
643
6498
1780
5371
2659
6045
9899
8447
8740
7335
1801
8517
2614
8618
9015
1349
7804
8072
9894
646
7561
1200
6545
1214
9460
3012
1885
1060
7004
3734
5073
4034
9712
6561
9419
5293
2106
6330
965
9904
7418
925
4684
2120
9109
5118
4125
1761
546
6780
5036
42
3323
9803
1757
7247
7331
601
391
190
6307
2644
1608
8903
5159
4523
6494
1902
7315
6334
7275
7510
1937
9304
4728
7569
1682
2733
7829
3304
7120
6429
3340
2469
5991
6890
5068
655
1740
7404
7127
5937
8159
3783
1012
5678
4501
2328
1329
3589
5497
7320
4253
6617
830
5895
8265
597
4498
2388
8657
4513
4459
3777
3318
7965
5913
8412
4042
1780
2963
9359
5145
8083
1369
4487
117
8979
6499
7431
5676
214
1889
5737
9112
1375
3805
3493
8963
9240
6384
1828
1933
3403
2178
1447
618
6043
4974
7518
3514
7165
9753
4360
1252
2136
1641
7035
4796
6249
6833
2335
6332
6959
1629
113
9215
4197
9829
2330
9931
4072
6510
6708
3079
5061
8883
7626
4749
3196
3736
1667
3235
7569
5806
8197
6687
4390
9444
1957
3202
2831
7843
1238
3779
5986
5949
697
8221
6801
2914
1421
8957
1954
7123
6426
5664
209
9034
2194
6000
804
350
3421
3539
2724
4226
1379
2257
4965
9488
5906
3255
5870
1119
2494
8950
5263
895
5051
9656
4250
5533
2095
1498
9423
4236
6862
4659
6761
8044
6883
4347
4938
4635
5308
8512
1787
4067
3903
1560
1541
5107
4274
3346
2972
1960
8157
6762
1305
7017
2021
7616
7235
3230
5053
4873
893
131
5432
701
6672
1487
6043
3618
9037
1190
6639
7992
6442
7832
7625
4250
506
8970
3629
3045
6796
7273
7402
275
806
4205
68
7640
8333
3476
6902
2434
9804
8361
6469
2310
1229
6674
862
6595
9639
1088
1710
3100
7669
6422
893
4563
4930
2527
556
4945
1036
3337
1585
3647
2732
3096
2926
6001
9388
5961
53
7247
5822
8212
6699
8297
5887
3095
8271
4922
1252
1567
4715
9841
4003
7839
2391
1356
9683
3314
6989
2545
1631
857
4810
6663
6421
1708
15
4590
4965
6262
1616
3322
9254
7409
873
3117
6420
2867
2920
3987
4960
6615
3266
1383
9379
1437
9610
2238
9073
1722
9790
7372
9536
4106
1973
950
9063
6692
5439
7481
5443
9698
5977
242
4643
7601
524
7012
3593
2193
9835
1847
4670
8914
9741
9897
3827
2558
8607
6225
1971
4522
5703
3646
9022
8346
9893
8231
5070
2790
9803
3421
6115
2623
3925
580
7573
5937
5694
5957
824
1025
8296
595
5911
6991
8221
8504
7725
7816
707
2613
5953
6622
7101
9085
165
7665
7216
6758
1147
4197
3331
5476
6906
1291
2218
675
8752
9102
4546
9909
3334
2523
7113
816
8524
6774
2240
3186
9319
3391
9163
868
8034
7731
4283
3269
6005
937
7602
2294
1783
9812
5833
5813
601
8733
3133
8172
7544
2243
7206
646
5264
7337
3608
6628
2821
5607
7385
8683
9641
379
8330
6410
2056
2781
9689
6775
6089
2996
7271
1466
761
1276
6519
5303
7694
5531
6719
4628
406
7827
3005
5744
7519
2824
2704
4505
214
70
6707
6461
3640
86
6958
7013
3655
3229
2908
6146
3451
6766
3714
9856
7105
2239
1218
997
500
5595
3685
8021
3803
715
6170
804
7731
558
1827
7807
7471
5553
1081
228
701
9228
5523
3482
1977
8232
77
9271
8253
3494
6852
7599
9969
4035
5421
5360
1687
5412
7717
7149
9383
8379
8774
8603
886
2599
9903
7205
7759
3614
676
2742
5483
519
8911
3162
7902
8063
518
2424
6946
999
978
7893
9085
6581
539
5265
7663
4822
9620
230
3489
1498
3042
3921
5114
5553
3731
3755
827
7822
8235
6846
2889
1722
3338
9801
8703
4866
6981
2996
4615
8764
5026
8129
8008
2291
3382
4905
7551
2276
6521
7965
5477
269
2235
8995
9714
6642
4131
5503
3597
8839
8657
1657
109
1633
9370
8390
791
9854
7367
238
6929
7868
4667
9417
4122
7101
9596
3560
2160
4421
505
3580
2969
3492
3294
3885
3845
764
5983
2057
2963
2487
4768
4878
9685
7599
6799
8818
6683
2694
6472
364
868
4728
5895
1778
6638
1532
3842
5490
1842
6651
7502
5946
3445
609
6234
56
4070
3505
8685
2719
4948
9090
4072
6175
8396
9130
9882
1543
2814
3636
3116
7792
8820
7712
3003
6138
1304
7317
4491
3243
5983
7874
2238
2696
3964
5996
4761
8727
2072
939
4778
5131
447
4376
9140
1940
2487
5793
9944
8578
2090
2187
4692
7913
3820
184
8952
1004
7224
5511
8645
4492
6870
8296
9435
2239
5998
7772
4368
2093
4049
9158
6328
5646
9684
1728
9146
6309
7677
7195
3278
9630
2959
3231
4617
2871
9437
8104
3879
2764
3202
8582
3677
8788
4306
9211
158
2702
2928
2772
7602
6496
2004
9419
6383
6499
4146
6307
8827
3062
2999
5325
2696
7456
8508
481
3304
3522
1464
7620
6304
715
6854
1150
9055
2810
1605
2014
4435
1520
6152
9826
5376
942
2342
4390
4745
4866
8389
9237
6208
9678
592
4738
7471
7238
3825
9447
2874
6048
9986
5765
2425
2169
2123
6936
475
7299
4539
8458
9179
3120
3429
9434
959
6515
8626
9452
629
7830
7130
3965
5326
5302
2551
8934
7060
7085
6568
7711
6671
8472
8877
4728
6770
6522
8693
7396
2117
9162
73
5827
6545
3078
3625
7779
1994
8507
5171
5028
1406
2182
8600
739
4512
6610
8113
9186
8010
5766
64
2513
7495
3093
8907
6899
7854
6400
4066
7255
1099
238
9436
7330
9944
9428
8590
8242
8395
7368
5150
6306
9387
845
4948
1757
494
9398
6279
7470
9287
9657
8789
8564
8143
8753
7818
4001
763
4025
7720
2343
539
1917
2782
772
6586
6245
5920
6785
8438
3634
3438
1817
3956
5478
4206
4652
4264
5713
9519
9021
8906
5734
5620
7216
8116
1042
1875
6712
3250
7506
2667
9590
5983
9158
5702
2199
3832
7790
1564
9123
482
5334
6096
5480
1735
339
4352
2445
8902
5242
4955
8313
1321
7731
6221
1043
6376
5060
6086
3642
4987
772
42
4208
1995
832
4887
6214
6286
55
7828
7753
294
2158
4682
2137
3200
8744
3342
7299
3097
4102
345
2596
9069
3663
2651
1323
8075
494
8525
311
6155
2976
6176
6734
9154
7939
564
3120
8498
9799
3641
4154
715
9879
6397
2632
1805
7500
3562
7489
568
3026
1265
8148
9261
5893
7378
6594
8070
1844
2288
8197
8363
1790
1786
5541
2519
387
6790
1772
9953
51
7270
2219
1100
6623
2223
8986
2745
2844
9321
1499
3176
6970
6252
3504
6
8523
2590
2688
6940
6363
3357
8639
1836
1041
4232
77
2421
5483
9580
6883
6691
2293
5476
2095
1199
1099
9228
3651
2282
7337
4916
1916
8364
4165
2462
2509
2222
7310
6439
7581
6176
2798
3074
7650
3926
139
9082
4976
6861
1708
412
418
7199
8889
742
5381
6906
6437
4487
40
5865
128
8373
4069
8732
7319
3359
7353
5739
3312
1199
4843
4761
2356
7405
2442
9951
6438
6143
6567
5533
9200
989
4004
4653
4426
1863
9217
9891
5746
6795
6482
9476
3659
836
669
8958
845
5658
7046
5005
8909
9234
679
722
614
3782
9338
8478
2596
401
4915
9626
8717
1452
237
378
4002
5912
5236
2284
5877
6491
2771
507
1005
5641
8034
11
5416
3537
5767
5666
5659
378
3309
19
6961
8926
4866
262
2446
9015
751
6762
1667
7153
4882
2659
3286
934
5516
3051
2902
7128
573
385
53
8654
6739
6381
211
9541
6964
807
385
4441
5574
7884
6859
381
1994
5196
7030
8269
4166
8737
8581
1425
6314
6280
7249
5358
3191
2952
2794
4609
3202
7291
4671
1232
5142
3654
6596
7681
4912
5317
8230
7381
5662
7094
8273
7411
6461
4929
3902
8138
8190
6889
8734
8861
9486
9548
731
8302
1365
3431
1746
2264
1171
8527
3177
4923
8796
1126
6816
5107
6015
1101
8093
5766
9796
8587
4757
5636
7627
9512
1770
8756
1478
4759
5251
214
9399
1590
6308
7115
1246
4557
4310
1481
1984
6643
7946
8296
263
5710
2517
1364
5340
7228
9603
2503
6587
1819
9246
25
4737
2927
4073
7691
7723
1624
6129
2719
5441
7198
4463
9588
3440
3123
7087
77
3056
1141
2884
7272
2993
459
3308
4508
8781
7266
1776
4609
2459
9429
7934
2706
6300
1716
258
5990
8169
2293
5480
5714
9349
3961
1450
9402
3221
2492
9900
8987
8455
3815
7118
1503
4320
8183
3632
6638
5292
7295
4015
2249
6914
426
2434
3527
9174
2642
6351
4640
6034
5358
2499
1321
7747
9580
6512
9451
180
7771
3599
9468
4147
5250
1240
5956
2846
9080
6149
768
1763
4997
9279
5519
405
6014
5818
7133
9374
544
5813
1382
5473
6350
9028
4892
5834
9296
7170
2602
7518
9067
4923
9333
2083
3348
3847
4152
8037
4028
5994
4968
2317
3011
8873
7080
5221
9860
9483
7033
7679
9866
9739
4972
5735
5067
3200
328
1863
1690
4623
1138
9523
7091
8574
4406
3965
4346
9086
8454
3515
4181
1778
9194
3444
889
2056
7388
4899
8300
6603
9718
2222
8738
7020
5473
9725
4487
2407
2521
8267
8231
7166
8619
5417
7084
7367
8890
6511
9273
3072
7157
7090
3783
8354
1285
2898
683
4179
7934
8209
5038
4302
5107
5314
7841
5202
5199
4384
9128
4148
2019
7611
2255
527
9504
2121
6207
4161
8678
6184
3603
8295
307
1870
2333
4722
7953
2321
4879
4005
182
5735
895
957
3031
3596
211
1443
7037
3638
2814
5488
3839
4658
357
4847
1060
3238
9680
2726
4987
4942
9680
4933
9555
9987
2867
1683
2693
4408
7274
1411
3567
438
8379
1701
5136
7549
2594
6379
1683
2817
6819
1928
5106
2438
757
1347
933
4325
488
6045
4856
2441
6571
2764
6697
2704
9380
4823
9969
9465
1992
2418
3689
6565
4302
8683
1758
9919
7443
4457
2574
9435
7789
1232
6665
2071
9938
9827
7962
965
1597
9985
6248
6214
9736
4284
7009
7375
7100
7560
9539
2651
3449
706
1423
8236
2020
3702
1466
2775
853
7273
2080
4717
5963
2488
8791
5956
1923
3762
2516
7212
8017
2734
6548
193
9512
9099
3972
3569
1592
3474
5271
8526
2132
4538
2035
5390
945
6505
1157
4289
9319
9408
8476
1316
453
7481
7609
463
2008
3643
6008
6200
1338
5469
5800
6484
7567
5143
1277
6949
4004
14
6162
1157
8301
388
4315
8634
6486
6735
9914
1998
7242
4593
8672
6188
6071
9016
8240
6471
281
9707
2520
6072
2555
1959
1798
6062
6631
4980
9272
6274
770
2872
7229
617
5192
1225
1551
7872
3970
2713
1420
1225
3891
4464
5572
6780
4395
8046
2145
5977
2160
9835
4629
6454
4474
3369
2077
53
5974
6645
4288
1804
5122
7758
5207
892
8200
3615
8106
6310
2447
8142
3873
3619
8408
6780
1277
851
5320
4078
2168
2712
3030
4903
537
8475
3930
2501
5941
100
2476
4581
8467
1042
875
2109
9078
8752
1197
9428
1199
1960
5767
4501
3725
5407
9995
3231
4269
2827
5406
7056
9444
6533
149
4142
9410
4631
4498
7670
8207
7712
263
5241
557
1303
607
561
7431
4505
5259
3720
4615
8830
4915
2764
8460
5280
6980
6531
6406
4928
4003
305
6089
1883
6596
6272
7324
1977
1579
1339
1690
9599
4332
8186
1244
8995
1689
7970
7558
8201
8971
6308
5862
4617
3989
612
4467
9136
9819
1430
2011
7944
5847
6738
9702
9253
7786
7153
7875
9595
1512
9243
9845
7906
9593
3473
7114
620
4328
9576
9775
5020
1197
2212
1541
316
5755
6537
3020
5453
3974
8361
3649
6391
2078
3138
1391
4856
2291
2898
4910
9092
1870
2703
3287
5626
7293
5332
5729
493
840
4879
1859
8136
7228
8478
8223
6130
4035
2111
603
3211
919
2316
4280
6274
209
9084
5043
8826
1185
652
2690
6599
866
7505
6198
8790
7853
4644
4443
9028
6146
7125
6868
9897
52
4533
80
6654
7186
3188
7427
1470
217
8812
6281
1149
7041
8556
7538
3883
1673
7903
882
7914
1856
6227
1889
4656
4825
5442
8500
3294
9224
5118
5503
6857
4064
2630
1398
7715
711
9347
4579
2354
6344
4499
9224
4802
3222
8556
8844
4624
8790
1468
8457
9484
135
935
4718
5986
6798
4145
4383
9053
8012
2444
6364
2493
9891
2382
184
8897
9030
6992
1006
622
357
8603
5307
1178
2570
4489
3778
4945
5449
8230
9623
4365
5564
3841
6024
5596
9764
8884
4252
5295
5918
2408
8905
7158
7742
2636
8968
7246
4253
1422
2993
3205
4076
3624
1070
5696
1762
2732
461
4963
7621
2702
9150
8280
5757
5883
3042
6627
9290
3998
3210
2533
4686
7289
3587
9497
4865
3067
908
500
1560
8640
1960
4850
9054
8461
8126
795
1919
1109
5781
3068
852
8245
8653
9085
255
1502
4636
7693
1068
1810
2623
8809
4051
9680
5799
8771
9914
6651
8731
3554
5721
9737
8549
933
1336
670
124
8898
4018
2881
3104
8527
8075
8818
4476
2632
5196
1027
6742
9971
1013
2915
5350
8532
1199
5142
1179
4916
9310
9755
7284
6276
1831
5558
8139
1969
9328
9023
2766
7129
8027
8231
5126
1131
2479
9022
8455
6575
711
2392
2042
8191
6181
6515
9210
7783
2060
2300
6418
8246
9491
8451
3075
3281
1797
7490
7244
9755
540
8578
414
1453
2270
2952
4537
3907
4699
9084
4986
1114
1309
6949
3560
1337
7621
9323
4301
2223
4415
4688
5591
5643
3430
8238
6571
6938
3121
991
5289
6197
5918
8122
2795
5116
3625
4109
7269
3430
8632
2217
6821
714
3512
602
520
8510
315
4215
129
1022
2938
7083
8498
6075
1204
2073
1647
9719
3360
1437
8112
1464
7300
8151
5556
5494
963
4682
5384
2777
9300
7630
1493
2674
8667
392
4198
8618
7965
3749
1314
4779
8159
3923
9456
8880
3906
1299
9363
8029
2918
1664
8230
9031
6562
3948
9395
2339
3010
2630
9171
9171
1031
4892
6766
3658
5196
769
9987
92
9689
9617
3662
5214
3222
5738
3920
8581
8383
5536
8058
5294
2457
9564
979
4606
430
9108
2264
3309
6487
9632
2780
2228
5310
6347
130
3881
9911
766
5863
5437
5997
6452
9389
8812
8745
9257
7416
3135
5705
4030
3682
5991
796
8941
2673
7888
1180
464
9121
4734
6395
3647
6447
2624
9023
7265
5887
1688
669
2010
7385
283
6795
4639
4463
1106
8886
2291
7295
474
4501
2612
5481
8724
3891
1290
3751
2665
7240
8142
6358
2104
8555
7072
6038
9017
3890
191
7448
7615
9103
4725
1774
2928
6197
4683
6213
5534
8620
2877
7420
3306
9212
8010
8366
7226
3901
6824
8007
698
6928
8604
1248
4592
2925
87
4447
9855
5341
1568
9329
5486
5419
3506
3712
2478
9501
6372
931
6732
284
7177
6813
2628
8392
321
9504
1132
1643
4784
7664
3329
7190
8704
8579
4403
9855
2916
7296
5069
6935
5179
1057
5813
4751
7894
6084
306
9320
7373
5687
4397
7036
1902
2659
2355
320
3790
1704
7184
4066
4340
3847
4548
3798
6302
5150
4910
9057
739
4034
7912
6236
9142
152
2701
8029
9043
5853
5771
6238
4932
8402
2839
7741
5232
6791
8151
2025
4733
7916
6026
2285
2936
4247
5254
6849
8726
7350
3604
3210
9189
4156
3555
4470
3889
2021
8785
6069
5268
231
8982
9849
1070
6389
2032
107
2537
2288
4150
1454
8018
7180
980
4590
6857
924
3963
44
7261
9801
8034
9187
3988
8044
4455
5698
8706
6192
9679
6247
8296
5740
4946
631
2729
3996
4015
9803
2997
1266
9225
2848
7680
380
5209
4091
5146
9817
8587
2658
2574
1130
3109
2619
9413
1974
4899
4258
4023
5653
3296
9463
5962
1219
8981
6875
7396
6012
559
631
7466
1670
4395
1441
7019
7423
5200
6184
5044
2089
7076
6440
9945
312
9126
8173
9642
8887
3200
2855
5830
47
1734
1800
3728
8437
7057
9556
5309
8429
5402
6024
8831
3612
3785
6047
8945
374
3930
6991
2156
5213
814
6352
6898
4366
670
7032
5766
8722
3028
3818
493
7547
4314
24
8240
6206
4231
3096
797
218
4045
7559
4127
1399
1025
3862
3235
402
2116
7
1745
1194
471
6537
2215
1450
5421
3730
6703
1981
9812
9562
3127
9304
8339
3716
1150
278
7928
3015
6944
991
5945
1155
7281
828
4482
725
2641
5031
5284
6
1336
2637
8462
6809
8225
3815
7643
3875
6286
1582
1421
5193
505
4995
8086
6865
4881
9533
5934
3805
4628
7977
2244
6238
9615
8783
4814
9282
8026
2191
9197
6399
2333
4610
3010
5102
2740
8067
4219
8749
4405
6308
9777
9806
7578
28
3284
2813
4427
9547
2807
6688
8719
4056
2513
7870
4648
1930
2835
7319
1538
5422
7532
3848
8877
4877
10
3333
5476
5086
3988
4675
3244
5652
7012
8081
6222
3328
2851
6591
3487
9231
6210
4961
9214
8023
9704
8218
2667
7902
4282
2440
9696
9946
7785
5110
3882
1770
151
1794
2421
5069
9742
193
6974
9965
8378
6272
6193
4329
1664
3775
6166
2486
914
2112
9076
9203
3756
7640
5762
9829
3941
1467
2240
2105
2413
1314
9582
3103
9147
7270
8325
4513
2561
124
613
6534
9478
4982
710
9020
9983
498
9466
4767
6635
8009
2501
8253
1249
9888
743
5937
8736
2358
9946
615
4883
7569
5810
7803
7401
6254
412
8221
1689
4328
9615
8024
2347
1629
3861
857
2527
6958
913
4490
1113
10000
5379
7266
8130
62
4199
1963
2213
9966
9163
2717
7329
446
8222
7368
7916
5209
647
6280
5817
5406
1580
3774
8887
8097
1060
3356
6800
4538
2701
2958
816
9488
7141
3040
2739
5822
3240
5000
7392
9156
4894
2453
22
3591
6657
215
3316
3217
1177
2712
3063
1671
6031
8701
2248
4300
6754
1351
3802
8322
4637
6348
1682
2466
5893
7557
2041
3152
9117
9183
6147
5515
5166
7798
3676
6214
4059
3034
7756
7858
2479
9176
1700
8803
3184
2980
2339
5958
2142
814
8848
7912
7136
1493
1664
7807
7712
1520
2851
8308
8208
8624
4448
3353
5934
5818
1667
2119
1785
121
166
9491
7013
396
4390
6202
2880
168
6716
1405
1302
8679
4202
5474
4840
1615
1989
9175
3979
8621
4941
1077
854
6963
2257
399
7222
5979
2324
1909
8679
5643
3097
3794
45
7131
1995
1316
7685
2421
4459
2457
7558
3878
2440
4282
5308
4336
5743
2788
2561
329
9027
256
2728
5015
7962
9070
9372
1431
8768
2815
6099
3780
5933
5818
4701
7986
526
7015
6002
7370
8026
3489
447
8508
6896
4135
7064
1263
5719
6708
9764
8376
1606
1242
337
4056
5499
6774
3346
1799
2145
5289
2024
2546
7022
1984
1746
7983
7814
2715
7805
464
2752
7015
877
1249
8825
1176
6017
6986
2072
2719
5707
6300
8261
6409
7298
1940
3849
3997
4792
8515
2081
6470
128
77
3047
3673
1968
3243
5488
9266
844
4990
6592
1878
7962
1507
3054
7686
6808
2107
9960
3331
9147
3674
875
9863
9062
4709
2067
9772
4182
537
8446
546
1809
2342
8901
990
7138
4115
2707
8735
6260
9919
5093
4559
9704
6075
5417
3613
4189
7569
3953
775
2634
7755
4305
3593
7387
1853
5361
8974
354
9128
3980
2416
4056
1511
3463
2233
4252
7784
4688
625
682
4175
9291
486
2497
1446
2248
1571
6444
5020
386
1837
8774
8899
7947
237
3628
6617
7730
1053
5593
5460
5711
3468
8027
387
8538
2118
2240
4875
7772
8459
8995
2345
6243
7825
3258
6971
5074
7388
8113
4790
1652
776
9312
9160
3028
4148
5999
7750
5667
5723
1895
2562
9585
4417
7692
1990
95
4869
1282
2801
8813
132
7596
1118
68
2720
8189
7685
7423
4354
3616
3412
6224
9877
8493
3103
7293
1852
3541
7472
4314
8872
5303
2602
9364
7247
3407
4297
9533
6745
9985
4127
8183
1268
5821
3097
3455
1482
1452
2327
5640
2134
4284
3195
3591
9074
3054
4361
2127
4542
589
5880
1277
1741
3356
1642
1283
570
3068
6814
327
1758
6715
3197
4127
8089
1741
1022
9882
2530
5687
7145
5632
2008
6237
680
6722
6469
8271
1139
603
8607
4004
1870
5579
1099
9124
4647
4753
2336
2124
2553
5999
1340
2150
5468
9403
5863
1040
7082
3674
6022
8666
8833
8808
3732
3566
9918
550
2157
3191
4804
6669
3017
2256
6862
1513
3827
8045
6057
2571
6810
1155
6121
7027
8820
8791
8548
7671
405
3936
5257
800
4124
7989
8775
3920
9595
8796
1414
3872
809
6523
8540
122
3786
8699
833
1517
1259
5169
6802
9759
987
4806
5733
7227
6794
3304
4451
4764
8931
4224
4108
1220
2834
1313
6178
3647
6807
2078
5049
4155
2080
9331
9021
1937
7901
6679
7855
7304
1197
4318
1537
4033
8545
9651
787
5571
4787
9475
2025
9680
6167
8630
1652
4752
9365
1270
1847
9215
6041
4890
3667
9973
7981
4281
4207
2938
8999
8447
5564
6772
9639
5158
9130
3858
4930
5004
7479
855
2908
1266
3451
3317
2556
2685
7960
3443
5334
4945
5047
2050
5712
4076
8645
3080
2815
5285
4448
5667
568
1460
102
737
4592
6342
5424
4095
1105
3827
885
4245
5145
9916
4320
8153
3001
5491
1737
5661
5505
181
5796
9089
682
2197
3019
6996
6964
1893
9035
3715
3555
936
6113
6035
4229
6362
899
451
2117
7145
5038
8082
9071
659
7023
4058
3617
3763
5392
4939
3469
3641
4134
4634
6028
5068
5220
1172
1735
3447
6832
5193
463
941
3861
6470
6588
124
2468
9895
3830
3701
4492
1305
6089
2340
7936
1003
2984
3275
610
4213
9396
6164
3799
9584
2676
2423
9468
7466
4987
2223
4965
690
1690
266
5134
1076
6832
513
4330
9916
7080
9108
9276
3558
526
3498
9894
3857
5574
5691
8283
2874
6080
6374
1379
4204
4916
971
3131
5598
5554
9057
4127
7561
4573
4838
4159
525
9621
5189
4983
805
7372
1818
6234
5349
3841
3684
9736
6681
9519
3785
1095
3509
1858
2388
7379
554
2242
127
1169
2626
8989
7330
7696
4535
4444
9748
6450
3573
3000
6570
8010
6837
4047
6162
4529
6527
3373
1909
9706
4471
4381
9848
6501
785
6630
1364
3683
604
8864
8225
4013
4928
756
1938
1574
7179
8719
4777
2584
65
1615
4715
5933
2120
2646
4741
6508
9994
5763
8637
5148
940
7232
9552
2524
2193
9796
7245
7343
4835
8092
581
1616
1355
4231
4755
2664
8496
8685
3676
7283
4009
8832
1306
7713
8762
3538
1967
7878
4047
8406
6499
1636
8021
379
1759
1853
6459
1595
2327
5160
6122
5639
3371
7055
7313
117
258
8348
8053
2276
325
3700
2052
9413
6801
2581
6226
2736
2066
3483
8566
9419
6658
4226
3738
8013
5287
2946
6998
8207
5336
6173
2526
19
8268
2171
2255
7714
5594
4175
5482
7202
1993
5113
4826
688
649
9519
5970
4923
2544
4839
4375
5301
7027
4444
9210
169
9970
3211
4111
1895
9151
986
66
7873
9267
8508
3178
541
9496
2746
1318
123
832
8040
1557
1266
1686
937
6713
8406
7942
5511
7194
9516
9225
9873
8781
137
9731
2182
4634
2268
701
5991
8556
1434
7966
8335
3642
9110
51
5935
4411
7532
6479
9688
4612
996
6671
3440
3642
2226
4641
6188
5603
5200
8402
6302
6685
5009
4278
1031
5160
197
4291
170
838
6159
5318
5507
9199
1637
2139
5792
9520
4787
3659
8569
8647
6856
3045
6970
2586
2398
3079
4846
8354
7501
58
77
8204
8071
3827
2893
3917
1190
9775
9230
4990
6943
8789
9087
7944
487
7506
680
409
2862
5821
6135
5323
1750
3265
3007
659
5438
2119
8250
9788
9098
2320
4160
582
6753
8561
9756
6889
5606
9090
6846
721
7656
4328
3971
9914
7058
7717
7564
3483
1944
6820
5252
6373
609
9293
2686
6369
7408
866
4455
1002
7420
4630
2401
1256
3182
7455
2758
8575
2076
1692
1921
6271
4097
3787
3331
5778
1767
4422
6447
5851
7243
9330
3183
6032
3836
9834
6833
9808
4436
7831
3936
4586
7441
3280
5906
8683
2671
2627
8921
4089
2023
8556
9763
1066
3515
1878
7549
5783
100
2140
2485
2459
2416
9376
8016
9758
1460
8109
5184
7257
2572
1348
5329
1897
4042
7995
1319
9644
1305
220
1605
942
2691
488
1300
2034
3460
1300
3086
680
782
8165
8625
7717
2464
1688
5989
7453
3484
6790
651
4896
7468
8251
986
7918
4813
2829
3936
546
3089
3981
5322
5418
6513
1284
279
1402
7955
2969
7132
1765
6915
1900
5549
8711
3531
4309
6286
6999
7635
8638
4334
9088
4380
3423
9959
8899
2135
4447
4521
868
6835
4253
15
7185
9008
3984
4849
2914
2256
1634
8283
5759
1326
4448
9413
9916
72
9163
4483
2909
9321
4463
1706
741
9619
9305
8600
7160
7520
4745
3487
5716
3587
6031
9035
1373
2653
7322
9272
3208
2911
8793
2653
5648
7976
5240
9523
5484
9358
7778
2646
9565
5347
7615
7805
8366
2046
1298
4203
1355
5780
569
1262
7712
5113
7134
7027
5046
8614
1260
7995
2412
904
2568
4598
3526
6528
5584
4991
4158
8714
4030
4117
3553
8421
393
9168
4860
2263
8539
7827
6791
2712
4305
4066
8536
9801
1863
329
6122
1880
1690
3930
2444
9272
5597
2467
5446
4784
918
8683
2794
8523
1639
6177
261
825
304
848
3420
8481
2212
1631
2359
4460
3697
6785
6949
7857
5929
8510
5977
231
5666
6649
5504
8398
6987
2917
5520
1592
4977
9348
5569
1643
7818
4959
3349
4155
5795
6735
1079
1408
4398
1767
2990
6110
8334
5335
4163
7973
4995
3784
1826
3986
9787
3468
8929
7981
3942
7586
1819
7264
5243
7069
7952
4767
1648
3200
1919
5778
4642
4934
8327
4521
8656
705
5137
5935
2678
9086
534
7377
9846
9457
9173
9691
9507
1262
3867
8689
9794
1209
3872
852
4691
6501
1041
84
1911
2578
6478
1343
3093
5015
9054
5486
7799
9273
6370
7945
2286
9856
4506
2506
2470
9131
9904
4411
4445
896
1027
1948
8213
5934
2195
8545
7902
9183
4812
2287
772
1595
4832
3608
3468
3495
4294
7645
2864
8248
8188
449
106
5925
3357
6219
8631
6041
4091
6383
5541
5755
3092
1963
1101
5529
8097
5244
2390
3595
4371
8372
2049
3877
5783
235
84
4518
44
3631
7769
9344
8916
4677
2041
3549
6703
4373
9569
3389
2024
7538
8650
7395
5398
4779
9765
2340
7605
8379
642
745
8080
5262
5880
8565
9270
7313
2823
9177
3329
9954
2269
3971
1340
2085
7569
1759
7789
2407
295
4846
8614
7227
7592
9459
8727
799
8229
7653
3751
2374
4542
6551
1662
5545
8099
7518
2475
9788
3309
2298
1856
1419
8664
631
2414
3339
1622
3257
8093
2335
9677
4736
5818
5539
5258
4065
8736
7582
4518
5013
5296
9462
5199
475
4688
7520
8107
9617
7121
5119
376
7951
8269
1380
4066
9743
9637
8067
9630
5092
3128
215
2971
8796
4565
473
7742
8303
4422
109
5333
8096
453
5242
8026
501
8754
7987
6476
8777
1637
2210
8671
3152
2556
9307
1934
1318
883
8109
2189
1615
2058
9815
4828
3034
3166
2376
4639
8817
609
4969
4512
7259
6448
7477
3321
3683
2560
8191
8844
6204
6034
6045
9401
9238
6396
8516
5350
9958
1335
8966
8794
1691
9047
1149
5217
3587
8069
6537
236
7931
5123
1888
362
5391
7331
9907
9688
1772
7056
8528
273
481
5119
9629
5078
1509
6548
5508
389
9077
2580
3548
866
5863
1804
9717
4106
8005
422
4654
224
5989
7599
2677
6953
5560
4690
4045
1891
7396
5241
3243
1687
6021
8616
2517
2357
1581
195
5546
5108
1695
6679
7031
767
1732
9586
9100
4159
87
7682
1945
933
2568
584
5143
1206
5646
1143
9180
1732
5361
5201
1801
7748
2978
1172
4701
1874
7756
9636
2394
2414
7359
7291
7144
7026
4377
9102
7206
3922
1576
3248
4120
9389
2006
6152
1471
9770
6534
7263
2810
1929
2758
3888
6371
6127
9098
80
3649
7472
194
8550
4203
2585
9260
3184
9003
3133
4592
2061
7542
9691
2857
3091
7249
4152
4850
7987
3388
2431
256
706
5251
9440
5216
9199
9474
7416
5779
4654
5010
5618
3997
8387
4489
315
1806
8757
5885
4312
8160
7837
3302
5951
5552
6433
331
6922
4807
7799
9425
1734
1667
8389
2976
179
665
8469
2086
5722
2731
2186
8509
373
9955
7619
144
5791
5544
1301
4264
1329
5372
4355
5779
6529
1649
6073
2631
8291
6002
9559
8240
6310
7430
3893
656
5441
6478
2187
7469
1287
5910
436
2164
9231
4400
5011
362
585
8469
5410
8779
741
6530
2858
919
8836
7349
6717
7614
1862
2347
1472
8640
1210
1245
7256
1400
1632
9304
8349
1435
7277
1269
4694
1784
5620
4822
5058
7883
549
7407
3730
9024
7797
9811
7970
9359
5460
9783
9135
8374
5016
5842
2815
1533
3767
1067
8165
699
5207
268
8934
5106
5457
8623
8030
5503
577
8505
7461
2533
2045
1344
7529
2094
8407
9191
4112
9982
3915
7088
6359
8882
3422
1790
3472
9380
9201
1755
4287
6053
5821
2936
6557
1892
5241
9228
7432
360
65
1916
8777
4232
8176
9777
5292
967
154
9033
2661
5603
9701
6598
770
696
4220
3514
8865
6817
9297
8753
7326
3322
6659
781
3347
8957
476
7008
4612
1379
4531
7236
420
6091
5866
8264
6850
5498
9892
4237
4558
1158
9708
6348
3233
7204
8370
484
3226
9166
5237
9819
6208
5301
3582
3719
5954
5726
3393
5296
7600
838
7598
3503
3654
6056
4452
1977
6746
8347
2057
3173
7058
6899
4579
8727
483
143
8973
9742
3152
5004
6214
9925
7964
5146
3501
8331
8352
9021
4143
4858
3252
3366
5853
145
1786
5460
8972
2807
9383
7946
502
2293
496
2115
4974
8597
6588
2046
5089
6082
7456
909
8038
9143
6803
890
5967
6290
1907
7111
7558
4942
6817
4345
2951
1374
4429
2146
9692
4277
965
2081
6098
7712
385
8451
7171
5644
2095
5657
9003
5343
1303
5193
5428
5524
2655
2954
9649
3935
6943
9744
5902
1163
9242
2821
7418
7254
1650
6392
7188
1871
2667
6104
243
5075
2258
4079
7328
429
5541
3339
3853
7726
2147
8952
7244
7052
9550
887
9328
8106
5709
8401
6815
6599
9954
9791
6467
8542
5233
2886
4148
1835
4431
1640
6221
6029
4617
6190
932
2043
3683
5709
611
8434
342
2021
6910
2745
3717
7595
5391
1493
7983
6176
912
3026
208
3195
4246
3781
9206
105
906
2575
9746
2489
2368
6977
2959
4938
6728
3756
3751
5846
7457
6155
3320
2087
5687
3125
8935
618
1580
9851
2798
6691
1597
8887
4541
4945
9560
5827
9990
69
9378
6498
6137
5570
4374
1162
391
5240
5052
5118
7708
9186
6326
6108
725
8787
6246
5228
7595
8932
6988
3577
549
1957
6648
1499
667
3712
2244
8581
6903
9664
8130
2785
5666
7428
1431
4339
8574
4256
1354
6688
4201
3974
3981
8562
8590
5588
2311
9288
6414
1373
7415
1264
7458
5725
2067
3945
2811
8748
3188
2701
7664
464
2421
4757
5971
2423
7549
1712
2247
339
755
7086
1024
7061
5219
1378
8725
8051
3065
7733
7631
6459
7421
5207
4113
8491
5518
3413
8580
5366
2065
1433
3592
7892
8210
346
5759
8913
3652
5747
6933
7711
9468
6681
9371
3745
7316
2335
2135
1763
4489
6965
2562
5179
7702
9255
4239
2404
6921
8173
5820
3488
9774
7554
6247
1368
5228
350
9571
4639
6962
8953
2410
1507
7358
3460
2054
8734
3504
123
2957
8298
6302
1853
326
5296
3634
4675
5783
8168
1470
4847
3471
4596
8892
7783
5021
5302
1099
940
8568
6913
9124
7946
6651
2865
5362
4237
471
3957
4102
2910
1447
4940
4779
6924
3258
8223
5317
689
5336
1128
1825
9932
8193
5955
3247
2623
2596
4071
6
2139
8960
5517
662
1592
6395
9261
9513
5554
7682
8206
3133
5749
8847
265
9372
3989
5923
7401
9380
2869
4093
736
8725
4893
869
5231
7827
9241
8820
3983
66
182
416
3048
8166
2583
7674
7064
5931
9309
2666
8565
1550
1579
6163
1077
6841
7585
6699
1212
5263
9177
5702
2305
332
7919
3852
5417
5771
8412
60
646
2796
7387
2862
6302
1186
72
9321
2904
5588
6212
2132
6112
9869
4657
7454
8063
2332
901
912
1833
5721
9285
2871
8859
9644
7170
8216
8460
1605
5436
272
8690
5575
6068
7981
8970
264
6367
9251
7003
1551
5126
4482
1737
5044
7734
5949
8096
2697
7246
5828
8498
4791
6331
6114
7087
3029
5491
1821
6407
7628
3332
9954
8972
6749
259
8972
638
4918
4233
846
4280
526
9084
8249
4763
1030
7282
5376
2362
5192
9649
9718
7094
32
1496
4706
6221
592
2688
6330
6772
8145
6243
3132
9076
1623
5404
339
4347
2311
2463
773
2100
8159
7955
6773
8306
7636
3850
2781
2931
3214
1803
9456
6137
3043
6726
2818
6284
9717
1850
1516
9346
4391
7527
9603
646
6773
6593
4228
6383
4458
9229
729
6949
9832
3724
5089
2190
4354
5077
1859
5565
5705
5909
9049
8568
2065
3536
9211
5990
4755
1718
3710
7086
7512
9511
1021
2813
6211
8472
1226
2435
5641
4618
9173
5410
2835
193
8850
7917
4240
4588
5359
561
6684
9324
9209
3604
8684
9286
8939
7227
163
1862
5660
5186
8262
9536
2079
1709
4906
9742
2410
3841
6664
6497
3479
7162
5878
2889
5035
7765
3119
6352
1849
4844
9551
8523
2310
4279
3994
2624
1611
1884
8561
9390
7748
6462
5769
6184
1678
9668
214
2689
945
8289
9900
523
7559
2447
1808
1812
1134
6598
7372
7893
9131
6012
5870
9317
6926
7487
3407
5241
485
3614
479
3252
8678
6034
844
1145
4911
1074
8213
1548
1432
9290
6348
2594
8475
184
2091
7133
1966
8729
2768
9571
7201
1051
6946
4551
9131
779
5474
3807
3411
8088
9329
4188
8878
1593
8222
9307
2590
6128
2754
6657
3913
6285
7166
3757
9771
5859
2413
3084
391
3592
2181
2615
3467
5336
5340
5570
2398
4876
976
2491
6610
1604
2145
698
4734
7194
8145
4067
4684
2677
3858
4681
7936
7237
3489
5860
4141
6934
2751
2622
2296
1534
4057
1360
6689
4905
8082
872
503
7639
7812
6128
7019
1328
2340
1969
2745
294
3815
8653
392
9853
8891
8441
7194
6228
188
3063
2782
2011
9624
3828
2487
8499
7105
603
3196
3432
7186
3465
7907
773
3141
3912
8657
7688
28
4192
7293
4620
3310
818
1393
3323
2211
5734
6084
5490
6420
3089
783
7814
385
6165
9353
1242
3277
6385
1424
9086
9550
6717
6523
7969
9015
9249
6617
2528
7953
2077
3602
1089
1916
2795
9915
7988
5926
6223
4340
3978
6383
9853
1881
2887
7426
7866
4186
4629
728
1870
6176
2074
1922
3917
4980
1919
114
650
8915
8194
2097
3633
105
2750
126
2558
1675
7533
8521
2038
1706
8304
7365
4329
631
2770
3936
857
2380
3285
9578
4412
5707
2839
1008
2500
8309
7699
9710
1509
6426
5154
2686
1231
3602
5359
620
5592
6610
8927
3809
8080
8296
3304
3254
1367
714
2707
6965
3050
1230
4623
9292
3962
4751
7886
8169
6069
900
4188
5740
1850
747
6211
2790
3724
91
1537
5892
6073
5421
9932
4006
9540
6077
9539
9063
965
6119
7697
947
9751
3076
7190
4447
4279
5348
8386
4211
8188
6543
3813
884
4394
9809
9130
5913
3952
6848
703
602
437
5011
5000
7373
9112
8163
1496
5787
5547
5692
5084
376
8176
1903
5765
8811
4723
9526
6925
3
6817
6646
380
4945
5855
9787
993
8311
3453
1505
9554
7008
7631
9941
327
7175
5419
8117
7100
7085
5455
9160
1869
3181
5933
427
4640
122
7187
2416
3145
8755
3367
8389
8347
2071
6398
5313
3032
8625
9774
4239
3243
431
5840
3505
3075
8658
8301
8709
4095
6621
1860
3241
4547
7881
2736
2641
367
7985
5858
4754
471
5243
4218
6408
2722
5173
8913
4307
8330
9046
8015
8245
6781
6694
750
3981
164
4268
9951
7808
6273
3669
5257
7436
2385
7962
3177
4778
1280
1681
5662
9635
4970
9212
869
2073
4292
2382
4300
491
1655
4374
6419
3307
5903
2626
6547
2818
2242
3951
7197
1724
68
1904
1875
8100
6395
8828
3879
6564
594
5294
2916
6276
7918
5760
1581
3426
370
2550
9833
5712
937
1968
5070
8386
2378
6299
9426
7296
8020
6299
3849
4103
1806
9219
2231
334
5843
3162
7649
1476
7065
8918
7717
2109
6929
753
3594
3831
5505
4027
7396
4008
3391
1377
5374
7761
4311
1116
2677
3568
7491
5020
9787
4976
3193
6273
297
8588
6752
6347
8102
3550
3907
5268
6044
8520
5256
7286
4035
6795
4218
4558
1418
644
3570
5846
4044
9180
8358
9768
638
5699
6778
4442
3925
5443
5958
4429
7123
6086
5972
727
6822
4627
7987
473
417
3207
3620
3002
5648
9729
9820
6835
4205
6403
8158
961
4826
9415
924
5974
6217
9317
7698
4688
126
2650
7899
3581
9676
9345
5971
390
3498
7611
3420
1547
3771
3226
9310
4296
2768
7822
4021
3168
7511
983
4779
6360
7475
148
5691
7562
6336
733
5892
3492
9164
4816
9115
7679
326
1079
6222
8922
5440
5394
367
9146
606
8387
1089
3697
457
964
4249
3530
7332
8958
7821
7658
277
5966
9802
1063
5897
8440
3095
1955
2047
802
7385
162
2442
8297
362
8838
4674
7171
8542
1927
9658
9770
8113
2464
6527
8120
6936
5130
6102
268
5287
5053
4294
9895
6810
7295
5525
9814
8185
5563
860
7669
6707
8829
1757
3124
7009
2982
2847
4658
2728
4722
3573
1611
6178
6233
5669
285
8174
3768
2547
9941
4564
6255
164
1738
7211
9909
8820
1298
5372
5628
7114
7185
5333
464
7690
269
9217
352
4386
6016
8353
4210
4732
552
3409
152
4838
5922
1891
3886
7313
5103
8186
9558
7923
6996
1389
3943
4007
3350
5480
7079
7917
9698
281
9881
1480
1068
9006
2352
5947
3495
9049
6724
4000
3796
2163
9608
2785
8985
6304
9226
9867
3953
6164
8514
8276
2
4650
7475
5912
8749
2006
9251
4941
818
6833
1806
5598
307
2946
8887
8769
9872
2293
1417
8909
4857
2789
1692
3884
9799
5346
4574
5732
5695
1853
861
2220
5962
9931
341
6921
6757
784
9647
8874
9979
3425
5958
6049
1073
8133
535
5235
7505
2516
2017
3461
2608
5008
5613
244
6308
9772
4929
956
3137
5567
6519
9241
3908
3034
299
8683
460
2498
1166
3754
579
8964
1439
5112
7094
5026
2543
6101
9714
9709
5704
9542
1644
9345
4839
3919
6004
3156
9890
9841
2510
4946
5643
1682
5639
5576
5189
6307
8737
7154
6350
1325
3993
7412
8787
2588
4656
4696
7951
797
3838
8906
3390
8265
6375
1329
2002
2563
5198
3502
6784
6871
6134
4694
7787
4509
1697
9480
2330
5559
9701
4922
421
533
5636
9138
7639
5106
9847
3005
5435
9919
9388
593
4150
6369
1491
7634
6146
6091
6987
8925
9157
420
4805
1555
5145
4364
6481
2688
4591
8969
759
5519
5037
659
8208
7660
7580
3061
5870
9352
7232
2374
8281
5927
5605
7864
4195
568
7350
448
9938
566
1710
3800
8425
5394
7573
755
7152
3037
8441
7464
8016
2962
1511
5171
4811
2520
6269
6788
5300
2352
1697
8435
9791
7295
437
4628
5896
3902
5754
414
9545
7983
2639
464
3214
1474
9274
3005
9092
8996
4695
8032
7196
7806
1194
227
6322
9495
2257
6129
9893
3298
9678
1005
9218
4397
6204
617
8369
8337
8342
9834
9301
4520
2894
3252
6792
5472
6474
2552
1448
1700
8789
507
4346
7417
696
4165
2968
6265
2383
6176
4895
1075
2440
7474
3277
5743
6524
3860
1137
2726
3390
460
5599
9331
9073
29
8266
7422
1700
2838
4730
2180
1803
7582
4437
7400
2764
5976
5252
3329
2132
8397
1868
9883
6387
5449
9517
4549
4359
6379
7179
5264
7429
3384
4347
9487
4171
8919
1913
3838
3512
4338
6562
2207
83
4917
7648
3426
8988
8944
2137
420
4822
7818
4662
2026
9642
3741
9355
2719
8135
1450
3985
1716
9243
5144
1248
5657
6821
6842
703
3646
6276
4940
9810
6287
9068
8092
2545
1530
3518
7846
1479
5256
6250
9112
8939
9494
8085
9025
385
186
8736
8736
9328
317
6168
1480
5168
5536
7715
8187
6260
7105
7983
9934
3370
4796
7486
9919
2183
3464
8776
6888
3398
804
2965
8802
8576
1217
3662
5227
427
7809
4576
3205
9889
7723
828
474
3093
52
228
4806
5892
7325
6544
7597
6442
4702
9810
2095
9534
7256
7012
2675
1623
8155
3697
8684
4864
7437
5689
2913
7796
9397
6457
4693
1764
7995
730
4513
9868
6305
2134
5228
466
7767
2572
965
2212
4637
3333
5345
9881
2094
4739
1780
9450
6870
9782
4846
5793
8074
9069
6965
7369
5170
6002
2708
808
1745
8432
6196
8813
6340
1584
2811
1742
7240
3647
1166
5430
251
1190
3680
747
6228
9715
3308
6126
2231
8310
2046
6789
6664
1371
6925
6918
9096
1668
8707
3271
531
9001
4340
5700
8653
9528
7308
7782
1443
4944
5556
5011
2427
1703
5540
8343
1606
7339
7378
5614
9087
2111
5729
7789
6616
4169
5462
9255
6777
5401
1040
2679
6316
2507
5448
9043
4575
9375
7356
866
2570
1935
642
5932
2083
3831
9345
2388
7526
8422
6845
1416
9006
2857
9270
2613
7093
8389
6335
4037
2020
170
4685
6250
3073
1105
9051
1742
9610
5213
3028
8421
6313
530
7467
4522
3154
3411
2084
7883
5878
8194
6706
7767
5509
622
7958
6418
5323
3391
9350
1429
9024
1641
5620
8435
495
8666
2803
3517
1837
7676
9263
9554
9479
3953
2029
7206
7891
6034
6142
4915
3120
9787
3615
4821
1684
3949
5384
2350
5972
7902
5112
8150
5351
6894
6180
2311
8322
7288
7122
8616
7369
5393
4298
1225
3408
1733
9325
2078
7530
7282
5944
1345
2818
8764
2593
503
215
3882
3642
2360
9114
6082
2011
5937
5146
4117
7245
8665
6481
4962
7410
3169
5802
6914
4148
5947
1729
8178
8045
479
9459
6481
1115
8929
8878
488
5847
4256
6656
1274
2812
7782
6668
2534
801
3526
1110
8755
4671
2000
6653
5700
5372
444
344
3146
4608
4540
2510
6078
6362
9960
3680
9110
1820
4883
9872
9673
3778
3394
3749
496
7051
6867
6393
5211
2814
9102
9161
6863
4928
8964
903
5650
8154
6181
