1000 3
210
322
121
132
928
185
653
577
427
982
98
523
236
412
405
590
51
310
912
864
344
441
235
607
364
854
867
330
885
775
411
994
628
389
932
304
712
722
734
86
91
528
549
36
865
688
758
761
617
801
381
698
354
122
430
460
856
576
262
378
414
2
435
189
278
985
965
65
636
23
468
973
93
615
172
25
375
690
446
864
336
391
880
504
917
224
775
735
699
151
639
663
269
730
426
550
587
177
43
457
588
492
90
859
458
284
616
310
470
203
484
240
207
950
984
730
969
139
357
552
34
662
585
300
398
307
766
112
194
34
137
746
488
104
679
279
420
622
70
349
627
621
772
85
823
53
258
194
943
474
858
491
335
621
982
660
340
914
162
796
2
62
27
332
467
838
181
507
390
557
253
589
682
585
519
687
187
220
246
389
762
491
459
29
723
731
4
773
21
380
530
410
371
650
847
157
261
559
924
691
980
133
98
276
407
3
368
806
360
912
466
236
276
83
103
610
825
722
470
252
142
313
418
924
20
785
492
458
922
117
248
993
986
665
706
338
803
287
505
930
486
814
900
234
568
362
45
4
940
374
257
951
310
403
369
574
242
440
960
933
538
652
15
37
212
622
905
152
475
275
819
426
727
464
228
527
210
402
541
927
575
525
688
959
971
58
429
669
102
315
31
163
891
886
478
142
648
199
145
332
559
390
955
715
590
500
992
889
192
2
22
673
340
632
447
620
612
804
91
394
881
877
839
271
381
442
716
697
483
224
38
345
457
403
687
435
87
573
394
791
470
50
925
104
931
459
997
429
268
366
173
807
942
627
411
394
889
325
519
962
378
776
930
953
206
647
540
841
674
462
356
97
528
631
977
250
346
720
108
929
261
282
364
828
170
917
670
200
49
89
719
604
395
979
76
377
304
331
367
564
686
108
684
917
79
500
121
631
604
218
263
296
152
360
736
917
666
160
232
853
680
328
769
358
445
134
382
366
177
228
615
940
237
816
470
516
718
630
260
532
739
891
849
87
64
494
714
602
912
925
218
762
519
940
275
504
940
817
988
665
96
415
521
56
884
529
967
235
822
588
595
585
529
207
577
810
552
262
477
843
356
332
650
493
328
522
577
264
756
850
628
823
955
493
459
533
719
488
922
838
50
108
126
658
814
811
489
776
438
803
180
738
635
854
127
530
555
526
587
112
942
241
223
754
378
575
375
668
241
651
160
780
767
690
543
224
201
983
3
243
651
816
10
718
633
143
612
973
396
27
244
288
156
274
881
622
708
971
772
993
663
254
681
121
410
638
431
765
871
24
748
395
564
253
20
281
45
831
754
862
959
584
97
859
574
941
8
827
463
285
92
239
102
932
901
508
847
215
907
982
510
934
144
459
469
280
241
109
158
378
336
230
832
672
70
735
671
134
355
510
310
590
405
910
47
300
9
58
927
853
148
440
657
86
523
631
904
135
787
639
649
110
446
529
91
872
856
289
386
722
990
744
585
453
289
882
88
882
464
476
918
639
363
190
49
538
147
634
453
228
306
513
295
843
204
447
61
351
676
725
721
859
310
323
592
357
785
161
89
680
803
402
626
775
469
965
494
617
897
852
63
792
493
318
796
843
166
510
947
992
428
188
794
318
358
904
602
940
940
444
820
640
520
300
516
13
580
729
73
10
348
414
124
123
361
151
359
993
67
757
345
912
448
549
431
774
310
166
933
292
168
238
709
471
180
823
812
651
89
126
644
431
828
581
517
857
685
28
292
533
15
642
840
208
975
970
816
391
421
880
377
986
366
170
503
233
795
571
608
775
192
116
226
425
808
970
750
180
571
987
97
900
388
60
204
242
453
536
264
400
412
592
297
873
243
412
247
940
141
665
963
58
350
434
888
197
653
215
430
272
251
243
580
209
966
186
545
910
697
84
988
233
148
548
690
360
477
956
979
196
785
724
239
504
737
734
171
213
118
588
434
583
952
618
818
657
747
522
492
464
400
56
634
877
974
238
301
626
271
813
756
661
583
828
794
694
914
231
56
873
501
559
708
878
133
653
660
38
466
854
615
471
365
97
73
643
745
822
54
71
123
892
359
842
833
58
512
58
647
141
158
49
21
730
323
107
857
342
532
42
24
60
446
730
238
281
392
320
31
290
74
322
342
430
512
672
962
665
196
127
695
649
212
291
496
483
218
871
926
623
375
584
937
79
803
34
264
508
916
497
156
481
3
10
444
490
705
510
827
717
68
868
728
268
506
166
101
27
279
621
70
460
852
458
277
547
631
597
690
887
