15625 15624
3365
1684
5253
6322
3950
12530
7328
3776
6249
9383
1673
8192
919
11958
5088
4176
411
2771
6777
5289
14495
323
3246
3507
5217
1823
3761
12762
10116
2717
10673
13481
4400
1027
4177
9076
14283
12231
12852
4906
5988
15251
13824
6907
11583
4013
11809
12720
6783
2961
2383
5653
4010
6355
9159
9226
8904
12920
7089
3395
738
2137
1977
5864
3890
6153
14939
2548
3485
12892
8180
9473
12517
6379
1481
9201
11118
13289
6295
2276
624
9404
8655
5361
133
2188
15313
9037
209
6777
13158
946
9640
15134
6809
13529
6388
6850
1178
9872
4116
10085
4446
1735
1565
5926
10935
12682
3590
2332
14957
4940
11735
7986
11027
12595
10901
10715
6006
11109
1866
4265
12782
11505
3773
4692
10135
10887
12268
12040
5133
759
6499
10306
3220
8063
606
14154
5119
4195
860
5178
9862
13322
13163
5263
10291
9165
352
1398
5376
2944
5662
2532
15175
10161
7950
9685
5422
4593
6099
11281
6078
13324
5961
9297
5761
6567
8552
11606
11488
9412
1158
6451
7835
15048
11714
2500
8587
12792
3897
13962
838
9558
1595
387
4820
9545
10071
10241
14137
1271
5896
4589
14594
11857
14612
5456
3525
7538
1437
114
2051
2594
6565
9885
2016
3380
12384
11330
546
655
9666
1383
10939
11988
1770
133
5907
12567
11100
5145
13838
2098
10460
13533
14681
9446
3364
2580
2085
4800
2693
4136
8120
9257
14020
10863
12636
11506
6567
13909
12887
1334
393
8928
13321
2889
9060
4329
15456
5262
10200
14395
7359
5034
12302
6414
15206
767
9720
2393
5566
12412
6528
14413
6771
5649
9650
4508
1529
591
3518
15143
2651
3911
8445
347
7526
1879
4675
7356
7867
15602
6852
15225
5010
3529
6740
5318
5022
834
7710
10588
13246
14964
10102
5118
4987
4126
10352
7243
5443
13870
6760
8093
2882
15204
8439
10407
2184
13841
2865
10051
14544
9716
10377
4655
13971
1492
9972
3368
2325
2783
14682
672
2848
9158
5789
8562
14010
1243
179
3827
15112
7665
11919
3095
7243
5460
14228
10153
4402
1467
5305
3320
11910
57
7974
10982
2275
3048
14349
4599
6557
14132
5998
9405
7664
12513
2341
6048
13755
3246
10601
13968
10910
7622
1437
3254
13081
40
13406
2584
2233
3086
6630
14869
3869
15330
10226
6143
2752
8949
11468
10036
7456
1840
3815
221
14353
6882
6996
13209
10127
1971
11552
5411
9592
12988
8664
7774
13754
7171
11084
1089
10983
2088
332
15578
1793
10557
6822
5271
4608
2665
15306
12790
5231
4222
13010
4685
11103
5107
2269
5604
7805
14547
11741
2498
11909
5506
10999
10765
13404
6457
11853
8761
9272
12911
8714
11791
7843
15535
1436
13177
3301
1844
10341
9259
6065
8452
13943
1543
13559
1313
7873
6465
234
4716
8962
12870
10948
4335
8009
8726
10792
4963
1862
5165
2975
11302
1330
10817
11211
2765
9095
15239
4608
3810
8872
11400
12989
7189
13669
11649
9229
6643
2488
9462
11358
11449
7433
7408
886
543
508
12404
5505
3096
1943
9207
14397
3272
4398
10710
6763
14220
10323
12098
2404
4296
7872
494
12211
5915
12142
5814
13284
14629
378
9744
11180
7810
1526
12792
8353
2033
9570
14584
5856
12239
8165
4627
15510
13290
438
7374
12611
11487
3846
15014
157
11717
610
13095
2733
12751
3283
1119
12482
4387
10862
8763
12924
12387
5929
5651
15146
600
5336
5376
12838
14228
10730
13449
12619
11167
5197
9604
7756
9770
9719
8639
6588
10328
6108
9321
8181
9391
10439
5037
14504
6402
14526
11802
3163
4829
2554
2683
6155
8617
8786
4094
7219
3890
1917
4939
158
7840
15269
7913
1984
10089
927
8572
5519
7761
2994
13699
1526
14159
3837
1132
4935
2737
12933
8824
8292
15487
12233
15173
8478
5393
3641
798
9282
5557
6463
10167
14123
6106
2454
482
569
4107
9780
6814
11868
12773
4887
14120
12033
9450
353
2069
12913
13286
10892
5579
13874
7499
5853
6726
12892
9493
8250
7275
15049
14712
1816
14274
5192
4997
14755
6487
9830
8909
13301
6072
6783
3289
5294
3917
12739
5646
5985
10753
4033
1251
1434
2281
8749
7286
9006
6742
1154
2357
14017
1304
1443
207
15577
7361
5930
15433
13848
135
8716
12250
6933
600
640
12953
4516
13378
3701
10500
9233
7733
11750
10666
10014
5601
2326
4121
12342
3479
6478
11460
5510
7920
11667
5461
15281
2698
5269
14230
2832
14711
11581
10492
15311
12220
7819
4928
10700
11519
15428
4307
3627
12279
14972
14367
2981
1672
2862
15323
5878
10066
11157
11387
3088
7925
1222
3470
11350
7217
2074
14181
6303
14381
9047
6715
10975
1968
11642
6049
13486
12171
10355
2214
9552
9701
955
12532
12100
4544
12956
2352
14609
9215
14465
2798
2241
61
6267
13590
8005
9067
12873
14307
7822
7021
5396
3172
8988
2139
9220
6849
14310
4677
9062
8963
14377
10744
5869
11578
15287
3927
13929
14997
13141
13495
2170
483
13556
8436
14073
5935
1878
12047
5343
9699
3442
11465
13597
12430
13603
7192
3653
13014
12595
13441
6351
12073
8559
12947
8026
8947
1248
7056
8319
15115
4926
11215
699
3583
4025
14771
10244
6629
11192
15586
1430
14634
11425
15026
12165
10129
7319
919
7518
5015
14359
14595
1463
8020
12643
9488
2068
14617
918
11113
14833
5843
6702
15532
10152
11454
15404
4770
2457
10971
4730
4613
10706
1256
4741
7245
11385
12786
8163
4004
2176
7623
3700
3638
744
718
13125
2812
436
14769
13924
15269
5714
5001
15175
240
829
14953
5010
4012
11025
10466
9352
6832
11722
14092
14803
7481
11252
7340
12211
14154
65
285
2166
808
1729
392
3619
2165
15161
2645
2535
5249
7645
2084
6215
9200
2138
11224
13938
13890
6065
7664
5096
2161
6857
4274
10368
3211
12340
6953
1739
12404
7964
4632
13939
9693
5023
2659
12584
5285
5303
15118
11260
13674
2303
1850
7975
4440
13800
7015
3431
4239
14678
8527
7126
6637
13527
2595
9847
10241
10274
12312
7747
3340
1318
6787
13759
7068
9445
10717
12352
15475
10209
7987
14250
13238
10563
6600
2052
8737
13614
6210
13703
13393
14736
5930
4404
12637
9252
14977
7979
3900
11664
827
7966
13708
7613
6099
5150
1433
1190
1877
2009
12125
10590
633
9737
6254
7959
12516
14990
6674
3100
13794
4442
2937
4826
9572
15573
14077
9651
8653
3078
5689
9480
11044
3771
1467
1517
8921
3626
2707
11524
6361
15558
7215
6994
9670
14195
54
7287
14286
6728
11113
12455
11896
14049
2382
5842
14723
833
594
7750
3910
6282
2331
55
10780
3798
1572
4802
8150
5005
1427
15238
5664
8641
7333
435
7937
7386
7721
6597
14113
3208
3426
10383
2358
5807
1327
1455
7366
1920
9205
12003
8929
11535
12057
4083
434
14355
8884
9311
4461
10310
8923
10125
4052
630
10559
11988
8742
2655
3686
7230
6589
7839
2714
8947
14372
4767
11128
6113
7414
4707
2490
717
1344
15273
5526
2504
14003
14409
12541
2838
9820
6565
13689
14598
7921
8623
11687
1038
12004
15372
8994
3694
7585
11707
12640
6332
1576
8143
13171
8989
13576
762
10432
21
409
332
3252
15138
15467
167
3078
10388
6732
1141
9360
15379
9763
6148
791
6868
6621
9784
10562
14206
6593
8303
5639
8168
820
3184
2258
15123
3945
12689
245
5080
13020
3496
4593
13588
3663
8397
8350
11121
9537
2811
10874
4402
8958
12392
11269
15578
6550
6205
14885
13869
14508
4898
7138
429
8808
10122
653
13479
7185
898
2934
5306
4393
8253
3995
8782
1751
12344
5004
11287
15154
253
63
9213
12644
12059
9166
4295
3365
9152
3266
2247
14777
10403
3403
7959
5627
4055
6540
12811
5679
10200
3219
10072
3554
7213
3955
5304
4659
8959
965
4187
9938
1755
13400
7683
14540
7667
12704
2279
1920
344
4526
1071
11474
7928
9757
1475
12709
671
15012
2763
10870
3332
13561
14423
10545
1890
4828
15203
11575
5792
4491
5887
8273
2992
14296
7187
11385
11375
9466
13305
11718
14718
14375
8293
7747
8506
10494
5557
9903
9881
8319
5874
13212
6254
5398
8858
8871
10225
9162
4820
392
13653
11434
9391
1746
10104
1680
13131
6580
11872
10810
3400
10964
10286
11692
3812
3167
6561
9368
13796
1543
2789
4045
15481
9042
9442
8714
3014
4042
2977
8561
5160
1731
5096
15277
3477
301
1331
982
6881
13202
11791
10280
9267
6451
6346
13078
10344
13633
7548
9242
277
10336
13286
133
4479
7829
9573
8220
11870
12549
1155
2131
14280
6977
1783
2131
7277
3840
3839
14157
2144
731
8811
11410
7908
259
9590
2627
14618
2239
12595
14895
12574
10255
15027
2154
2458
8974
10373
15055
6624
12254
2287
5278
3605
4069
8135
10882
8636
11973
10140
10779
12703
3326
7290
4986
4311
1254
8339
3303
3492
5308
2572
1167
664
2700
3321
3848
11673
14420
4004
3399
11049
6291
9403
15380
11086
1913
10636
4096
14612
5151
14874
12417
9203
7266
2504
14240
8519
11569
2644
12738
1978
5216
13904
2641
8642
2326
7215
5417
1121
11219
8815
12896
1884
2592
12650
13696
5231
8388
2167
4218
14265
2142
1736
7842
9407
4239
7183
3028
182
9826
140
2886
143
14770
6253
8785
1471
13467
14201
3318
9787
7390
588
12397
10708
13964
10468
314
6726
13361
5258
5365
15502
6993
13933
10011
11231
5490
13765
12139
15316
13904
15024
560
13775
5651
9344
347
4219
8646
3664
14006
1137
4978
10777
11845
3317
5619
12158
10042
4081
2517
15407
3958
9509
13714
14695
5841
4306
12834
2354
4723
11839
2479
5282
9988
8856
15353
10335
13074
8373
14725
12181
9510
4078
8060
6456
8121
14405
3715
2537
2861
6231
3045
7545
114
1861
6614
5954
6166
4549
9034
11615
1489
12239
1271
12203
6196
998
6912
4371
10098
6739
927
4709
11543
8986
11164
4038
8492
14878
7301
11352
6210
11073
3271
6323
13660
10611
13003
4927
261
7138
916
1749
4478
2186
13952
10673
3911
5965
15043
14735
12703
344
3818
9347
10056
83
13384
2923
62
5787
15001
6271
1961
2647
13320
15620
13984
11424
4921
14245
2936
5836
368
8140
8748
15046
3187
13385
5386
2604
12494
3190
3675
1413
12537
14457
1495
11022
1754
1556
1910
1857
7826
3870
4503
6247
3864
3588
2045
8784
2207
5707
15346
3302
13846
8469
3449
1407
6955
8834
4738
3824
12751
8412
5236
10389
7243
7458
5785
9724
9013
7695
11580
1941
12291
1184
8187
530
5498
10959
10040
7705
1040
9761
11733
14886
3331
15181
1394
10285
9117
6131
14835
6242
15269
5173
1732
6887
12630
7516
1712
6744
312
14018
8684
13330
303
1973
13859
5800
12931
9000
14231
13970
3135
10338
13957
7192
10621
15351
2579
4112
6583
1788
11080
6227
6960
13538
13840
3964
5428
15551
10708
6467
14670
4493
4171
14972
6465
3131
5146
4497
12130
3752
3569
367
14816
1900
7558
10538
2352
10136
15376
9662
12651
11557
263
3985
9469
14102
8676
14897
14754
4485
6465
14525
9704
11362
13871
1271
15219
4118
5767
11723
8596
9335
12816
8514
11962
5476
3426
15040
713
3177
9076
13363
14733
10065
2450
8577
9268
11125
8575
9123
711
141
8022
10414
11502
6994
11684
11095
11839
1826
7919
5536
11887
5110
14049
8950
11312
2577
9092
12024
6480
3269
9762
6314
14061
12938
14890
7703
8437
8566
1201
9874
9433
9949
4662
5309
2045
721
1505
13883
3273
10151
3793
261
362
2944
9938
11673
6247
4131
8071
12726
7399
2934
3414
5834
246
3406
14264
9409
11971
566
4384
6506
10514
9046
11814
12558
10493
14046
11542
14492
9298
437
15479
9659
3380
9791
6433
9626
14648
15230
7453
6422
2539
10866
12982
3511
14271
11620
13647
11344
12185
3132
2224
7801
12177
14764
4733
7771
13911
1377
7364
8310
1813
7218
2343
5919
2110
8775
15544
1133
8380
8098
8281
11645
3338
6364
257
2711
2359
14630
14781
15270
2137
2106
7445
15040
1971
12905
7186
257
15008
15276
8566
1195
6868
11636
7113
8978
5512
7758
10837
14618
230
3492
11364
4294
9855
11621
7004
12940
11352
6159
13312
14215
8991
5858
13630
10962
3137
5917
11945
2519
5567
5612
4440
13162
1622
11552
6514
7861
4411
2452
6853
5367
6670
2592
9661
1626
14939
1039
15293
10665
7925
12979
9255
1290
3211
7986
12978
7075
13902
9297
10320
4570
14909
14760
2106
1632
11413
9346
9492
926
11797
720
6292
2841
3311
327
5194
2624
2093
4861
14015
10017
2214
8371
12033
6151
731
9386
13225
14632
3784
7920
3577
3794
7781
6409
5426
3568
130
14917
5220
11926
738
11512
15494
4775
11838
5062
8125
13930
9922
6515
9048
12862
14885
5456
3387
15616
15568
987
15349
4453
9633
4027
8247
1788
10436
13672
6082
10565
13690
11302
7592
14428
7188
7460
3577
4127
13248
11702
2432
8271
3318
11479
5507
3304
2036
8894
4021
2705
10607
3745
7158
4614
8498
15404
6401
4035
14177
13209
14599
12241
8885
7293
11770
1174
15479
15347
5301
13102
12150
8459
5747
569
5039
11254
3872
7075
5249
7893
10506
230
12364
2038
4843
5236
2543
11970
9271
1821
10280
8971
14062
4267
638
10933
5440
492
10654
11467
14320
7905
4300
4441
8473
9339
796
13072
1515
6771
5339
12020
7000
2077
14785
12569
8039
2429
9640
1684
4250
4295
10655
3413
8561
12019
14345
14727
13237
10101
10569
11931
3107
15595
1474
12307
10035
2269
9753
12276
9040
15091
9398
1141
2269
8557
13710
10307
11712
8451
12718
336
12745
8474
4475
6407
5594
3195
5509
3206
14022
1179
15136
1503
1875
1711
13809
11910
3980
8663
8560
13746
8855
3059
15613
11850
11615
14424
6532
8429
7250
4351
9491
4369
13551
13966
10776
3519
1386
6724
658
2564
6962
2887
4438
8672
1798
1449
13378
10460
10736
12225
4417
13794
12213
641
9784
11738
7899
2587
3362
12249
12077
8458
10174
11144
4335
14420
13405
5720
5518
14789
8283
13206
2051
13447
6980
4575
14896
4732
136
10006
2059
4552
8174
14998
5193
3059
11110
13091
6372
15199
10442
3551
8031
5717
14694
12365
4511
13201
3186
10756
12364
11468
8336
15141
10016
15315
4817
9286
5149
4953
3666
7934
9504
12567
7306
15423
15625
3517
12889
6372
3090
8432
10649
11847
14148
9717
9313
3034
7292
12498
13789
4758
9067
7226
5000
3458
7643
9817
12743
13518
14769
1511
5826
9374
14804
13858
9172
14803
2476
6435
6276
6293
14866
2026
2514
14115
11743
11827
1523
4136
9426
413
9620
2868
8366
14620
6325
383
8811
4169
13900
8681
6406
4827
2429
5584
3786
11600
5489
6261
3136
12491
12553
3103
14517
169
1593
10634
12722
3115
15496
6522
4255
9491
9389
12620
9212
815
13002
3124
4984
12003
11804
11389
1931
14232
2075
5716
10207
7563
11976
13342
4428
9631
820
3319
9799
3139
14679
7622
6253
14550
14143
11234
9142
8634
8228
3455
10175
6331
6578
260
3435
2756
11649
5365
1362
14450
11807
12295
6387
8158
10739
10814
2890
11558
14133
12688
15423
13186
5411
6050
12837
4655
2386
7080
13288
11340
10534
8565
2773
1486
8824
6207
4241
5574
12299
6330
4398
8480
2999
10784
1739
14464
6700
4628
11123
5934
2417
10920
4221
7827
2072
1433
12482
4457
8512
10871
171
4148
3810
3670
5633
13361
9877
10601
3309
7277
2032
8434
131
5757
3592
2597
4596
10291
7224
93
599
9641
11013
4820
2569
13084
6979
15050
1915
592
11023
2812
4739
14832
6482
11099
13294
1460
6801
978
8736
8832
9411
9593
14588
13729
12916
3558
9122
4515
4378
10447
14882
15390
368
1825
12848
7346
1977
15489
8665
12999
3402
14130
12932
9883
10330
10601
12069
1505
12305
5906
11063
6090
601
10026
4920
13516
14310
14041
2405
3062
9590
2388
3553
9957
4940
1502
2405
6916
1365
11069
4289
4767
10300
2322
15376
5005
12922
11820
6509
9601
2100
2674
792
2700
12699
6439
1318
12110
4854
4449
274
14443
6837
3826
9502
11776
5328
11906
3793
7419
8076
8808
12912
2750
11129
12663
8481
8426
9584
92
3128
12410
2765
4647
15110
565
11085
1529
12674
313
5977
13674
15483
12813
2602
10086
9690
8656
6366
13482
449
15168
6664
14088
3019
2168
11125
11500
11320
5083
11591
14447
1867
14355
3468
2078
21
14552
3606
13421
15592
9583
11470
551
7497
14798
10636
1562
7828
2103
15043
9003
2372
6809
7465
5390
8976
3691
1264
5397
9500
13581
4945
12094
13037
9140
14171
13057
8066
2879
10853
8759
13188
7424
10036
5059
6596
5773
7347
15150
7875
7492
8527
10973
14300
1094
738
8377
5511
2001
14500
15011
684
3819
11479
13720
12958
10751
11152
6126
14356
6379
15611
12645
13802
10022
2806
5499
169
10152
5023
8771
2745
14276
4118
2146
471
5582
11249
5982
7583
10123
6094
8993
13942
2674
7087
12001
14151
2613
2501
12882
9718
2487
9901
7894
13235
12706
13392
14130
7960
3516
7275
10704
2167
12120
13577
2637
2076
9200
9345
10385
3698
15438
3752
2741
2486
11566
14741
1012
14178
2344
14620
8998
5557
8895
1266
3166
6703
15385
1670
15389
4002
9672
10467
6168
6893
8418
8805
9695
2720
2524
5182
7144
3064
9660
9884
5549
5600
9726
7287
4880
12069
6281
13877
2727
278
244
5892
7707
730
8289
7470
4732
3062
3038
10899
10681
12183
4805
5477
14902
8056
10658
6420
11119
4693
1405
1769
11019
11130
9783
273
8301
1165
14149
11754
1442
15120
2748
9875
224
11763
1719
4955
14824
5484
956
10606
2041
5760
457
1317
14542
11115
8463
10762
909
10594
13258
12654
6098
7415
12927
15125
8579
12177
11254
10748
11671
14728
5724
12622
10865
7443
1951
10063
12926
2906
5770
68
9393
6226
2111
8309
2442
10573
4173
4077
5541
1805
1106
12365
9219
14759
12592
2899
11310
8947
14373
8083
8049
4472
5079
3288
12641
7756
14077
10668
10662
4948
10735
5156
11173
12845
14191
14342
7792
2738
3520
14059
4542
5352
11525
14487
4485
8491
2488
897
2539
1235
8979
10587
6433
14784
14601
3448
6914
13779
14842
2677
3101
9951
7832
15001
7170
6398
13717
63
9135
2338
14848
14404
7690
10748
13265
12174
4340
854
13070
6879
2816
7150
2567
9248
7035
2270
13423
13949
423
12639
1000
3524
6965
9559
3626
14861
1058
1717
14924
10919
4781
14146
9697
12470
9995
8064
9746
14335
8917
7917
6315
11732
15067
9608
6082
7203
12604
4606
5526
13754
1619
7253
1652
9310
1186
5277
8546
2970
7720
8571
13888
13227
7818
7960
10072
2188
1125
4192
1624
10041
12835
8665
6875
12276
3374
13683
3854
353
2663
10106
14106
5008
1733
859
14318
3645
6862
7965
7341
15308
1637
5604
12909
9454
14290
8082
12368
15414
12273
13991
10556
9483
7757
1805
6860
11131
15487
11440
12210
3251
6648
10690
8259
9107
12275
7678
13479
3511
17
5194
3920
2380
10797
1203
11833
9461
9285
9303
9249
6659
7668
4180
1243
527
6711
8830
11657
7300
4644
8241
10550
12018
4032
3910
5500
681
11587
3353
4918
11603
8546
8837
13982
3718
10766
10917
13905
4425
4594
7529
11811
12988
12435
13053
13514
4247
6257
10272
11546
11628
3614
7198
8020
7645
11107
14246
9052
7069
1973
13969
3773
11246
7907
2857
65
3048
13773
13969
8199
3468
6599
4384
1557
3408
2539
15071
8382
8795
10444
5029
5524
14058
12226
14271
6077
8435
12891
231
605
15591
14199
4377
11211
6481
7960
11275
10255
6834
9618
2828
10301
1319
7212
11858
5453
10477
12030
13834
3646
6848
3238
9897
5280
565
9269
12084
9726
6534
12314
10330
7226
11614
15434
2811
3196
7768
14812
13450
15329
9532
1380
10731
10850
9318
6963
677
4169
4094
15238
8541
11669
2850
2812
2050
4141
12080
14133
13867
3716
11548
8571
10941
8264
9106
14479
11459
1249
13665
10011
1679
7571
12117
12409
3522
5809
4474
4199
9977
8567
3811
3619
5337
7387
7158
7387
11527
4339
6621
9768
8054
2544
3441
4097
11534
12546
3677
8094
14521
1716
3206
574
10014
15322
13710
14262
5505
2558
3562
583
11851
7372
4929
1563
15485
12086
8949
12114
799
15569
6256
9580
3214
10423
14403
15474
8071
2454
7943
7693
4896
11148
8994
11
10845
7078
14273
1451
9635
2209
2761
5860
10308
7689
8149
10167
4876
1472
6655
5674
2143
13638
15253
5356
9162
14757
5205
1607
1585
13874
9300
6481
9396
2668
7218
5342
10472
5865
6793
4481
8801
10280
11067
3483
2343
3591
14376
7218
5789
6133
13618
7931
4145
13973
14014
13306
13104
4320
15
15416
2568
10041
6271
11963
13435
14215
1680
8281
4455
9199
12761
13982
3853
8929
1839
6922
13246
1316
14866
3410
7448
13585
11340
11592
11932
9728
10000
10138
14047
10741
9928
989
5156
1300
13679
2965
15514
460
11245
5070
10385
9107
3426
14964
3137
5991
6260
758
7307
6227
4167
14754
4186
15506
11448
1220
10336
6549
11357
8757
1664
5659
10473
7546
6958
9253
10510
7573
9712
6856
12643
4471
1064
443
3809
4200
7161
10795
5684
14467
1396
9850
13595
6308
10458
10144
7527
5168
1067
3258
14651
3457
9643
9498
11002
1702
3125
6613
9275
13563
14195
6292
3135
15258
7461
6943
4560
14621
2839
10243
13462
4234
5195
12159
11269
27
7404
3170
5194
8471
7155
4946
12654
1899
14444
8031
3601
2670
15370
12875
1335
13940
3541
4469
14299
11728
12139
3960
10724
14977
14930
9287
4313
4499
6547
15581
4525
14678
3852
10445
7523
11733
15390
5278
13632
14935
14035
1607
1980
13780
15208
4041
12821
3850
8509
12221
15577
5022
1283
11402
4374
587
5791
8686
5085
13064
9368
10336
12116
13219
5155
4740
10054
5646
10018
8060
4956
8427
10393
7662
7308
9975
11702
5230
13824
4585
1826
14502
10334
3108
10279
15434
4421
444
9221
9505
13507
2963
4215
9998
1283
10096
15464
11336
116
9856
4497
5071
2658
15616
13459
10692
9965
9535
297
8890
14847
2122
7767
10282
5956
3147
10090
10376
4317
3685
4982
2198
6647
9923
12922
8656
4393
12761
4367
5235
7718
9590
11033
11102
9581
8866
6169
4647
3503
6465
13537
2724
9313
6405
13005
370
9551
8196
11472
13867
11880
828
1166
3628
10750
14815
12283
244
12677
1751
6205
4769
11341
1612
246
6023
11205
7141
10669
15434
14332
8580
3259
8746
86
1365
9842
9636
9560
5688
7877
5814
6515
9770
9441
2366
8959
6098
3336
6010
7849
10267
11505
4291
12606
12477
10313
8185
3992
5356
7993
3425
14663
11251
12170
14748
12615
6386
9486
7276
12800
2464
13089
3689
12233
7631
6781
5566
13728
10843
12302
6678
5485
8182
10968
2465
5033
6382
11376
9752
12465
4470
13176
11502
822
10448
11351
13436
1935
5211
5813
14735
7675
3276
3525
5009
10906
11033
10575
9735
6250
7251
1515
12461
534
13209
14925
5567
3966
10675
420
805
246
13595
13033
1067
9144
8758
15229
11079
14696
5416
10188
7472
8691
14439
12480
4698
9846
8156
15160
471
509
1049
12931
1042
14257
12958
7335
2597
8734
7754
4128
8980
6451
1535
10046
15594
11020
9650
11774
10817
15065
7063
3390
8858
5877
971
14282
97
9127
13816
567
10362
15591
14225
11403
14223
11557
3840
1921
4665
11593
6049
13644
3145
8310
8792
3114
3704
2816
15614
15247
2982
7052
3011
12566
12928
4709
11223
13024
13835
10140
14318
9298
10106
12917
5802
9430
9575
9641
11350
14966
6336
1773
13712
9480
10810
6878
13320
15240
10420
13309
14862
13401
4735
2974
10342
2764
7682
6666
889
5891
1180
15206
290
12012
13224
6092
5816
7900
107
1541
7241
7169
4040
5327
1024
14849
12204
14343
14464
6998
12753
14427
5500
1862
1775
943
5352
9457
7608
6241
449
9515
6548
739
5901
4147
6830
11717
12773
7663
13257
4388
14832
2398
9714
230
2349
7019
15299
1187
14743
12427
715
5345
15015
2489
6287
4742
11945
13895
10982
12394
8511
2631
13132
14411
6777
5063
10502
3925
13452
8860
9039
12658
11985
3855
13614
14333
11600
14015
621
10718
10816
1335
437
10932
3823
7450
775
143
6446
11756
13263
14956
14387
10769
14469
6265
933
9345
10916
14384
3307
5057
12144
393
8911
10859
14725
4885
9248
15345
704
5165
1781
1867
1199
5603
9317
1973
6472
864
14456
4109
195
13944
15604
14663
5310
911
9109
601
397
13142
5657
12540
13534
15294
8500
12633
4553
2123
13079
5984
8014
15586
7850
9212
5564
2268
11912
12762
3132
10742
1246
4053
9060
1224
3090
14369
2862
12925
71
3258
10442
6454
899
9077
6122
9398
6812
11402
12247
4992
1760
5363
4953
10336
15301
10516
12604
11587
7652
110
6703
9624
4889
864
10848
7978
15233
14436
6004
405
2795
820
6859
3693
10624
12980
13817
1810
8756
10439
6801
11242
176
11753
5953
578
7370
2931
12165
15022
3767
3969
9020
8655
4833
4969
1734
5167
4506
7737
5571
7300
9284
12429
10992
4282
9784
9184
6091
3641
4724
13618
14883
5626
9746
5210
6203
1490
8867
2742
1613
12633
6711
11360
5662
12270
1430
7395
1811
5936
233
7381
13235
9516
4912
9329
13797
14695
3614
4989
3437
8337
2982
2694
13962
12727
8630
5266
14943
1871
8008
931
15230
15445
12290
5266
12816
13719
13387
14626
4756
13620
7108
3093
8237
12019
12421
7136
11815
1136
12124
15252
9472
207
3047
8535
13660
11677
13800
12978
14274
6909
14635
13879
7455
11299
3519
4645
10119
2008
3645
14875
729
11480
2342
9692
7873
15489
1202
4063
999
14053
3689
11197
14259
6735
4833
13021
3513
3734
10373
2162
11370
10109
415
3199
5782
4660
8571
1002
6667
12942
978
8122
8796
4046
2189
1044
4636
3390
5833
5634
2544
9521
1932
1178
1357
7491
14198
4870
11225
9672
7031
6969
4155
8172
10894
10663
12831
3839
12391
3873
1156
13369
12721
10678
2516
14909
11721
7152
3401
1928
12785
5944
12175
15444
7121
14259
7309
6420
4230
3635
1193
11260
10603
6074
4533
6599
1838
1738
10437
14229
6337
12319
12699
3433
7372
15214
2716
4194
6740
6116
6849
4627
12060
4125
4445
4282
2758
12480
11429
6987
490
13348
3348
11819
3797
7880
2792
5634
9618
13956
4964
1056
10649
2037
4488
3122
1626
7204
7316
9092
14046
14164
13718
11207
3390
3264
15489
6148
119
12019
13861
608
9741
1584
13153
14264
10190
320
5000
4909
15002
9963
5965
10025
12727
10452
13874
15079
2757
5564
8545
1178
4829
6638
13111
8218
9901
13701
15092
10019
10094
13328
11353
4210
14911
8881
3575
10202
9927
8574
15111
9303
2912
5450
4429
740
1003
2677
193
3760
8967
8737
5664
14522
15374
3149
7842
9650
1225
7308
4770
12045
5010
1225
1356
5022
10832
4931
15224
5860
13504
14709
15162
1517
5260
4692
2256
6262
8096
2448
10748
1437
11912
786
334
11660
4662
8902
6411
6613
584
11908
3032
6321
13859
5115
11342
9065
10045
11667
14924
8650
10750
15187
10167
1111
4253
13149
7373
12348
699
2495
14512
12610
4008
15572
9371
9396
8848
157
383
9431
12791
4141
126
11024
9255
12195
4463
4401
8236
4488
13051
4088
4049
8319
5198
9028
6569
13297
6478
7994
894
5364
4978
5628
6037
14349
15023
14884
15232
507
9416
13124
4647
10269
8522
14629
6838
13711
4131
15073
2573
2283
4262
7348
11328
9460
1477
2272
7858
7954
10992
8751
14044
345
14378
4455
15420
14502
4440
128
15008
13856
13251
4757
9226
6874
4487
438
4959
8617
612
8258
11627
5601
15605
7329
15060
2183
10327
8019
10137
5694
1145
9282
6765
624
14464
6559
15126
3278
7413
14508
2235
5038
4366
11460
11911
8852
12624
1971
1844
13963
10228
14197
3938
10934
5900
4099
13116
1329
12117
7627
7022
13988
2011
13786
15339
849
5446
15566
4126
13585
14448
7088
3724
3916
3649
9
12767
648
2706
15337
15337
12933
13908
3649
8968
4183
8474
6458
6238
5692
14812
13259
4055
1197
12146
4495
2045
2693
4435
6897
652
3984
13984
4375
7899
2735
5110
5041
4109
7815
5479
3820
5849
3762
8195
14816
8671
1043
5648
14908
6734
5561
13268
11515
6757
10515
1111
9528
13207
5545
800
14585
10256
15510
3334
2529
2619
9170
8296
6727
2086
13775
11273
8661
2638
3842
7851
11308
5611
14225
11317
13072
4161
8959
9688
11644
3848
10799
5547
2156
1445
7073
1115
11700
6957
5175
14956
10303
14344
7626
2131
804
6502
13404
9464
9139
2347
2416
5548
8685
1742
1239
6858
6629
10197
920
2648
14771
12445
8921
1301
14617
368
2415
10691
8051
8316
10748
2728
7034
3476
5586
8564
9977
4091
3129
4218
6437
6271
9765
223
8013
11731
7080
15368
6302
8727
3117
6175
5546
12037
7475
5264
13131
10617
1057
5557
3307
11804
9011
11068
15279
14596
4733
10358
3061
7862
15302
10225
14132
10168
11174
7246
6273
2629
7716
13302
12082
10832
3851
2729
7971
12052
7993
6203
7043
9049
11759
11077
5227
5872
7246
5608
5569
11978
1067
8630
4214
743
3956
3448
10910
231
11420
1558
3586
3510
15586
42
15069
3811
2771
7414
237
10763
14343
8007
4186
10477
3458
10139
1450
11430
848
7018
7782
1914
749
11996
2656
5431
545
14293
5662
12691
952
9247
576
912
9289
746
5449
12059
8886
5685
7923
7603
14418
12835
3181
2977
7348
4630
14406
8196
11648
6563
10836
12396
3660
14219
2202
4204
12886
8590
1269
14564
2211
2571
577
12226
3316
6025
8659
12928
12436
1683
4906
11229
14517
8086
14205
6967
12716
13713
15162
8738
4650
10372
6235
8309
9692
9163
13239
6952
2127
15234
6617
4338
2907
7193
938
6949
13944
10324
4252
11482
12006
9157
7085
11625
1617
6391
2966
14332
4478
3229
8171
9854
14327
15133
3264
8394
8670
877
447
11524
1213
7064
963
4119
14983
1900
11067
14029
12950
15318
9885
10058
9576
2071
6057
11193
9188
9749
10626
14393
12977
3899
8621
11678
3406
11885
4446
12075
13488
4893
8700
14700
12683
9662
3920
12767
12289
89
11170
9613
15406
6156
4772
9357
8226
11555
5651
2516
5678
651
1283
3756
4549
9903
15434
8681
6889
4981
5858
5479
10600
14557
5280
7657
8594
9200
5526
5257
9288
1797
15596
9795
7953
4743
4253
1280
672
9903
3795
7077
11281
5077
10832
931
82
11367
9612
7697
723
571
13175
11322
15127
2830
4081
8095
12029
10333
14078
6418
12129
14049
587
4456
3166
5567
5736
4564
571
10257
12367
12578
15334
8301
13509
517
4042
8222
8213
5491
8792
5763
1188
9020
8592
5995
1490
5722
702
15567
12139
13557
14717
13452
2388
2257
3393
8850
7548
4691
3481
5016
1643
3916
13316
15151
4432
1733
8474
12645
7223
2367
2782
9137
11387
11373
233
13603
2196
1661
13544
14334
15218
13363
12160
2707
721
655
11556
8268
5345
138
13284
6987
4054
11701
7240
8485
13433
815
5504
5758
3182
9012
15621
14568
5486
229
13272
7681
1889
11190
6389
2208
9654
3651
4914
10375
5032
1571
3017
10376
1709
1402
2464
5762
13103
9703
14973
11637
11245
5579
1769
14426
14590
1765
14095
5178
2720
11741
12858
5335
8032
4349
7543
2061
8726
13183
12435
13757
14754
553
9234
837
2682
11697
7325
886
6502
6672
12522
2121
12977
14291
1648
11942
1157
844
2221
3876
13311
15078
9210
5717
4528
1854
8504
13253
15037
6040
12111
14165
7320
5719
103
10001
1791
7427
10886
9019
14825
7782
11866
12177
7174
13513
9220
9057
14356
11440
12932
12041
11619
7244
2859
522
9097
12090
14501
8508
2504
10987
7774
9823
1080
7876
4925
3597
404
912
12615
331
8694
8855
13234
969
7469
7555
10026
6926
3369
8059
4068
89
404
7654
1337
10228
4118
213
3837
7348
11926
11611
1546
13732
4588
7197
1704
4992
8109
15045
5322
1904
9002
3657
2872
1572
11211
13624
8498
15306
6785
13292
15394
7915
5320
1833
2517
9437
2772
6354
1160
14697
2339
3432
12803
7653
10628
15233
12644
3838
15380
3067
5741
8756
6723
9340
11054
3035
8065
3926
2715
15576
1593
3211
7866
7639
5043
10382
1451
7814
1837
3337
7612
4902
6768
5516
12555
2497
5124
10300
6335
5605
14094
12075
15087
5918
5789
10515
8953
14581
15168
11667
14531
1862
14877
6771
9500
5021
2255
10950
12834
4091
14286
4820
8993
6155
10336
6649
8652
561
1323
14986
6165
15416
11435
6353
5709
2326
1242
14661
1281
784
11429
186
2645
10681
7684
12145
76
9938
8196
13637
14028
7584
3558
8122
13738
13893
14770
6764
15180
468
6124
6446
985
2661
12798
6693
5713
14767
6455
7720
652
2259
7905
3297
13666
690
543
14468
10627
9465
12479
9757
1423
412
2980
263
15031
2125
7026
15313
3319
13877
6133
5030
1639
4033
11723
7351
3901
2552
15070
4552
5537
8076
8575
3577
8766
9117
2420
4494
3684
15625
14977
5833
1138
2332
6095
1271
5183
13848
958
9228
12099
7817
14257
13737
12576
11081
6189
851
14360
5633
5403
4271
14435
13977
8575
8302
8196
11721
12796
11879
12447
12874
2813
13585
15205
8908
14855
5489
7857
914
14716
4330
9457
14075
3168
6408
9530
10083
7985
8264
817
13387
13262
15251
12466
6211
7928
5036
2306
5825
2016
14752
3073
4828
13438
3380
14462
13394
9595
6693
14307
9413
11749
8866
7862
18
15273
2493
10100
7632
10757
10916
6121
9120
11269
2961
15330
4298
8723
2737
10849
10738
2590
14648
667
1130
3129
231
14523
12724
7650
13932
6511
4501
7172
15099
4518
6819
1966
15345
15177
13449
11362
6399
6943
7005
9359
7374
12029
3183
10837
7979
14647
13427
7002
15314
15283
10130
646
14180
7955
9022
12486
15192
13522
4032
14665
2415
11577
1733
2861
11856
15181
14222
2629
7226
6329
11988
14599
2732
272
10538
10711
14919
8339
2814
15334
7996
13670
354
7277
6000
9375
4138
5566
7272
8896
5333
10413
4848
7065
13273
1805
7347
12596
4433
14572
3299
1522
14273
6758
1794
9185
2570
1087
2625
5383
795
11347
3427
1875
2998
10153
11249
7862
821
3622
1860
6153
14761
6707
13217
13135
8511
4938
10106
13670
4612
14131
15192
3259
5990
1360
12443
8559
3173
169
14668
3967
11515
3197
5841
15239
13349
2191
7476
14169
6540
9335
5423
6402
1143
3014
3912
10380
8679
14744
8424
13290
13976
8717
923
4341
10803
14092
12899
13975
14260
11942
3043
10876
240
8883
10489
14315
11801
3066
13586
3442
12400
3383
9843
14269
6397
14481
9750
177
13599
3276
13466
12677
11992
15115
1392
7170
13581
14290
6246
12942
11333
9289
8192
12299
3273
3055
10989
15073
6121
8949
3616
3622
12331
13459
2993
3829
13041
12742
4005
11742
1119
2572
8793
13111
2061
10184
5382
743
9575
12354
13684
6010
6017
6977
2683
9290
10032
13671
9464
1254
7721
13807
5602
4427
12367
8594
8982
9782
6438
13714
5898
7556
660
14690
5768
3448
9975
11876
4190
3925
8605
2976
9934
15348
9952
13343
9012
5085
11389
3578
7065
3484
1759
12667
8637
14125
6362
1994
9008
12799
82
14906
5457
1468
14697
11224
4915
9047
7475
9832
13698
1181
12807
8733
903
7860
6450
10642
13672
2940
14946
5111
7151
1079
2879
162
305
9241
2882
9312
7141
3690
9319
12597
5158
8391
8923
10799
2539
1499
5005
1338
2679
2913
10797
4308
10773
1621
14949
8819
5288
14269
14656
12438
449
1910
13326
753
11150
1310
10792
3392
4999
4485
364
10883
13602
9286
6784
1242
11511
11788
3306
14189
14701
14102
2871
10575
825
2922
4495
6112
1565
3525
3651
2741
6161
2078
4220
1685
3387
15011
5804
9113
4598
6167
5097
3301
554
11880
5270
12064
8043
8575
11354
7845
7052
14951
3521
8603
2247
8015
14714
4539
12266
3466
7279
2802
5543
11498
5213
8930
11611
11016
2417
583
2284
8240
4610
2837
4495
9879
2
13264
2829
11355
6210
10607
10681
9730
3584
13654
2846
3399
2567
15111
7591
9845
2287
13133
6445
8227
7164
2430
3617
10307
3012
6628
2922
8348
9464
7416
2602
10193
5054
6157
6649
11263
1865
2431
6094
6175
460
8939
10300
3026
9151
2265
13598
12165
15397
4417
4766
6936
6846
9109
2344
10584
111
5265
3306
10302
13407
5907
4869
2835
12790
12244
14824
14654
14675
6019
5203
15134
59
604
3261
9210
2868
1960
5749
2640
6376
11241
10302
13948
4724
13372
8906
5562
3012
12939
238
793
3947
5833
4355
1112
2451
4280
867
2227
10299
6797
1735
10357
7400
5723
3941
10268
7682
10416
13634
14785
6758
9037
13834
11482
6783
7842
2145
10521
5155
3109
11314
9828
8941
770
11666
12118
5049
12533
14345
449
3704
1181
10806
11830
7630
15473
7199
15312
10264
5207
15198
1396
14970
14133
13604
6855
6349
850
1750
12230
3958
13790
6433
13625
14559
2473
10118
4710
107
9564
5158
4537
10744
338
742
2749
913
7940
3162
11903
13874
3461
14025
13218
1968
12004
5174
9044
13580
6924
6375
1913
5815
13534
15537
4749
1109
10756
10185
1215
4694
15342
5752
15438
782
7220
3288
1694
15159
7176
13596
14134
11363
11995
12454
14057
9100
2002
7475
7055
9652
14577
9694
15467
12485
9605
5317
13593
4736
15501
14808
10156
319
5661
10695
1100
12880
13982
3520
13140
6259
2217
11649
1996
14212
9204
428
8413
11205
8629
569
5959
7580
10262
5800
5167
4969
11843
3134
10431
12445
3043
4961
12763
8703
31
14590
6684
14739
3211
4926
6100
5428
1676
8822
4741
10879
9249
13153
7185
2980
14449
13143
11286
9085
4044
827
14780
988
3961
10312
13432
7730
15273
11297
1535
405
10988
8218
245
14198
13143
7071
4000
15545
268
9467
10798
9516
6995
3085
13222
5818
602
8883
4
5373
9709
15511
6360
14396
10197
4894
6501
10571
1292
8035
11702
13006
1354
12674
11578
15224
4119
680
15143
4386
10146
11043
14629
2242
14127
12952
8786
15455
6209
8790
5929
1020
9402
12289
15415
3973
2284
6290
15271
4302
15051
12074
1682
780
9122
13259
378
13968
14665
622
2728
9913
11664
2458
12881
10165
15410
6042
9995
5993
15558
298
7012
9334
13313
7529
14033
698
14545
14405
4999
13971
10854
6680
15477
4350
5041
229
3419
4807
850
6147
15446
12514
9331
12702
7780
9115
3118
2876
210
3050
3901
7948
13110
2315
15476
11517
3013
15123
11024
8738
13468
6252
15418
13319
11328
5560
14274
14747
11093
225
5995
10914
13465
15325
7990
5620
9542
11107
9222
9751
14883
13122
2800
12367
15437
3378
8985
3551
2875
4383
12288
1444
10634
12807
15489
7064
3468
14137
6185
14561
15088
12179
9849
12928
12605
2213
3649
6521
14046
13597
646
13303
11094
3446
10771
11632
7550
4130
284
10424
9240
12571
11867
4975
10480
11730
12038
13947
10968
3324
12882
10430
604
7105
8459
13209
9317
12834
4104
8464
10806
5477
6141
7001
9649
2013
3007
1573
6143
4017
11996
15382
962
8964
5458
12168
5795
1871
10490
1137
5194
7746
12293
5798
14851
5854
4108
9269
3062
8211
2108
14594
13687
8975
5969
7710
10988
9702
10009
2232
13718
6379
2715
15407
444
8172
11949
6238
10769
6813
8101
1065
15286
5496
7589
14511
11349
11696
8881
15137
4281
11715
14833
3070
5792
5176
11506
1881
14878
5890
4112
13697
12995
6826
13478
13439
99
10529
4778
10868
1716
13606
11932
1376
3476
4622
988
15551
692
10596
164
4972
7412
14996
8768
13203
5274
4649
15083
5253
10538
4296
3324
7907
11121
1904
6447
11947
12432
11952
7916
14874
9932
4949
1352
14134
9570
2339
14059
10261
13661
14949
334
5448
14320
9102
3025
4695
13750
3210
9947
9389
7505
13270
1670
3728
275
8844
49
12706
5170
7964
12682
15101
13639
14033
13609
7583
746
12769
2218
15134
12819
2551
4956
11513
12379
8707
1309
10503
11916
11255
4266
4523
8900
6663
8250
9901
608
9025
6982
5777
2090
4038
5979
103
3172
4689
7685
4644
1832
10629
4152
14650
13906
9107
11265
10660
2916
12573
6264
15558
8203
11257
4455
2204
3021
13431
12104
3628
7557
4187
9404
9646
8951
484
10475
12122
5172
2534
1141
7003
13889
5292
6754
12897
15126
3120
8658
3143
68
14921
3075
8997
11279
8257
11927
14299
6789
9132
2301
14346
14046
12431
9093
7371
12914
3943
4595
2460
7203
5735
10189
5467
11753
1318
2738
11980
5164
12122
224
5231
11417
4026
14954
7071
12282
11982
6471
4172
5489
9499
3619
4636
6304
12712
12006
4320
1029
1702
6779
8231
8163
2070
14424
5018
4114
2263
1372
9277
14384
1596
15235
10903
5621
14563
2348
3004
11647
9545
7902
2237
3418
11521
6872
9722
8607
3979
14768
9635
5681
6648
2967
13843
8717
1766
3235
12830
4755
5334
6482
3514
7656
6818
14416
14003
5755
1865
2108
2503
11409
10009
4739
15554
5904
11610
10377
15237
15589
9519
9973
6371
541
12940
4588
9258
15432
8550
7189
5288
14610
14397
8801
6640
5589
8318
5744
12071
10182
7851
14573
6693
2961
3687
7348
8865
398
2099
9203
361
12344
3551
7458
12884
1592
12046
7243
1398
5697
15159
6685
5408
13930
588
12774
3894
8905
2892
1066
4189
10742
13
11608
14429
4426
3330
7668
4824
6155
1973
5911
2873
5523
13369
858
7114
10516
8101
9238
1314
7634
1024
6721
5938
2338
3869
10558
11970
6760
12350
533
2603
12363
12867
1406
1890
1298
9801
7440
7452
11773
13351
10324
2397
11821
11181
10237
7438
4383
3849
8751
12743
5599
573
3783
7937
4441
14340
4281
11927
11065
5540
15256
8529
2781
1763
11145
4078
12290
2960
12256
9164
1412
7681
12287
13959
3963
6898
5771
8346
10746
15248
5463
1447
922
9245
9383
6089
8687
14390
3117
4853
4304
2747
14108
7811
5236
9627
12615
2628
13313
9245
11791
14724
1300
8453
13784
5262
452
4656
14334
11198
4278
4172
12644
5199
14143
7128
12014
7204
5892
15130
12056
10922
2251
11265
3834
8214
5267
823
10841
2954
10794
7733
2780
12093
1287
1665
2456
1739
6321
1165
13663
10598
6063
11408
899
4580
3637
12912
12511
10255
13144
8941
5551
15394
5308
10111
8709
10574
10933
4651
14254
6101
13111
2135
3295
14397
3800
5750
1237
10120
7641
1
5819
13703
11408
7444
3385
15044
5458
270
9673
2976
9937
325
3471
15244
10435
12180
10919
6469
1932
9548
13296
15042
12409
965
14541
583
7442
879
11429
15082
880
1623
13887
12287
9793
2373
12433
15250
2642
7207
2600
13305
8259
6071
12924
3795
3352
8944
10264
5283
2866
7934
5427
377
9626
4342
1686
1442
5220
13115
1625
6099
15464
613
3488
9631
2985
1022
9256
6353
8955
12582
4033
1588
3754
2058
5383
7105
11001
748
13115
14594
9408
2916
14970
3408
7257
1757
4849
13203
14871
7201
3677
15436
7813
7891
9442
11525
8912
3799
2252
2241
1482
7011
4556
5236
9795
9938
13067
5171
11412
10556
4866
5194
13471
4937
8602
5829
6693
14177
3407
5939
5752
7083
6476
13565
75
1019
10191
8986
5544
12442
11953
7026
4555
883
12988
14349
11547
10429
4621
7333
5360
9486
13254
3205
14422
6230
9034
5490
4781
13167
12155
11260
5351
3732
9199
5425
4751
4491
15137
10294
2034
12191
2421
6588
13074
15408
6039
9722
10212
10659
2157
15571
5247
15410
3877
4043
6741
13637
10259
11521
11178
7515
7882
903
11247
1455
7054
1099
6672
6565
12119
8706
3131
14540
15293
1306
15049
5706
11027
9635
1467
13910
10307
6713
13694
14184
11482
5536
12195
6843
2159
8475
14357
10040
10104
10705
12222
1533
12530
3268
8097
9024
11973
11227
8665
12368
13259
8088
2448
8661
2098
4641
7672
12404
11353
6468
11689
7937
12003
8986
14779
14161
1835
14237
8576
11938
10044
5172
13470
6948
9166
6669
1073
5514
2997
9737
2256
631
2200
5430
10018
4297
10071
2064
1802
6525
8531
13491
15188
5636
7578
14341
4171
9412
13680
13473
6451
8098
3746
5023
15045
12912
12418
493
3527
15414
10229
5782
419
13155
11938
10436
2553
7110
13227
4355
14362
6859
2947
13924
12494
10524
12640
1767
5037
10694
341
12214
3893
4087
2338
3312
2100
14755
4531
5626
14544
15487
12134
64
13016
8446
10500
15569
15556
8828
5025
14292
788
8698
12590
13282
3596
10331
150
9359
6126
490
6674
10018
4576
9012
14057
6675
8141
3689
13027
7059
4277
9535
7123
2395
2356
2724
3065
3013
12278
8089
2406
13065
1161
97
10721
5483
10428
11597
15568
1655
12087
6616
12400
1037
2
11558
8439
8143
348
5840
303
4625
15375
8152
7019
2832
10875
10083
5844
8254
3273
8249
5694
5160
8345
1516
10642
3874
13113
11311
6256
9574
2301
3030
11337
2303
15314
4877
11172
36
11444
12201
4660
11193
4728
12405
14751
704
6862
4969
8958
10861
13944
14651
395
7390
1268
11763
11991
14380
7448
2621
9055
10476
6377
5494
13505
6065
10370
9051
6100
6188
5626
11487
2482
11080
8266
1607
11784
230
7302
5843
11090
6347
4868
11485
14464
6862
8349
10829
5617
899
14176
15398
11374
4927
5266
9253
10991
738
3405
2192
7652
9757
13678
10861
5212
7046
13194
1370
7275
5598
7212
2739
11944
12806
14950
10782
4769
8401
6712
11112
9299
5262
10885
5047
10188
1252
15026
6280
1989
2805
9199
10368
12561
7978
5603
2147
15023
3171
4243
6672
8768
12181
10138
5814
10088
10189
970
14857
2964
8409
10343
12989
13670
5602
2410
8233
7581
2537
15239
10296
5341
8812
5038
2277
1892
11367
5150
1289
14538
10120
8688
8407
6675
3927
14220
1865
14115
292
1096
1454
8700
11438
14442
7471
2142
1954
805
10449
4490
419
5119
10558
9957
10884
13561
11848
6625
3085
13864
6264
13931
6926
15398
4981
10852
14719
6845
10068
15010
8667
12248
8811
5206
11792
657
8074
13745
2188
2897
3336
2606
8743
14620
13290
4001
12555
10239
11352
742
8477
2718
14672
504
2490
4754
12082
1583
12325
6525
1695
5366
3874
10505
10572
40
11888
3020
14511
14076
6644
2949
1783
15386
1943
174
3761
14498
10413
214
341
3991
2931
15012
5222
5420
4141
1678
7003
1567
8929
9424
6933
13530
5030
2606
13569
1293
6352
12455
470
12995
15403
2979
12755
2447
3880
1617
1319
14292
1831
2386
3384
4761
1773
8605
10908
6640
11010
3012
8206
5040
12435
240
2944
1839
2845
888
3858
9197
14069
4327
7293
14573
8033
4423
1394
11912
6766
3440
11305
8596
5825
14688
14084
7597
8395
9366
14963
4506
12377
8271
10272
9186
8510
13216
11751
12082
14830
15609
6380
14000
5037
13672
12947
13069
3196
14340
10082
9962
2154
5761
2932
7979
5551
2117
677
14672
11482
15
4279
8960
9012
14550
3247
1896
12867
14998
14704
12071
14981
5458
10445
4392
3505
8493
2563
6700
7208
12644
1763
9361
3507
4695
2441
9784
7538
3118
9557
3395
3859
13835
13081
12870
12759
703
15492
10001
75
14571
7173
15055
4403
2720
3821
8634
11212
7110
15334
2794
4129
1471
12882
8362
6892
424
3247
15157
4268
12803
2926
8126
11739
1108
6097
9599
1810
5964
4701
1884
5636
11874
1313
10038
14593
5861
3774
10906
12970
4209
13700
2200
5679
11683
11288
13298
12106
14534
12829
749
12438
856
9601
8551
1963
800
2525
3773
7490
7225
6383
13125
4200
8423
8264
3167
14283
12037
14073
12354
620
12874
15281
7026
9658
10943
5425
6865
10579
3355
8340
7391
4210
2316
317
6899
3115
3568
11398
11331
10792
2883
8830
14992
11305
1468
3260
10689
14232
2434
8144
14851
409
7799
6978
10793
3844
12402
2033
14422
858
10372
6914
5067
13414
7230
12693
1630
11524
9192
12960
6691
12074
6164
6784
7753
8359
10770
2816
6965
13204
11687
6917
14339
3860
14622
9507
7703
12125
11539
7226
12983
7012
14140
3151
4801
6471
218
6430
2370
10137
4492
9787
6585
10655
945
15065
4115
12441
2982
11806
10746
14668
3825
9460
3630
2821
4068
11332
14945
15606
3660
13029
7719
2174
555
12519
9371
1499
4051
11740
11635
8542
5901
3322
4298
7572
2761
9140
4388
6469
5320
15133
5512
9144
9694
9141
12691
13761
5574
12011
14468
9960
10141
6562
12860
10695
4182
6606
12921
8959
3447
8930
2602
9348
12978
7627
2021
113
1141
7135
7309
6460
7370
12820
15604
1438
7062
13396
301
13362
9781
14768
7697
5024
6431
4931
93
11340
12263
13013
5400
85
7045
8002
10159
4397
3
12179
5237
1143
3689
12545
8329
11785
10466
9034
13222
2629
6805
14249
1092
1687
14119
8788
6710
4924
14446
7530
1365
11083
5644
6765
11167
12688
15493
5700
2187
15495
2981
7423
1739
7396
5069
10067
3555
636
3476
1878
3264
11007
502
5082
12693
14620
13870
3778
4645
13417
12034
6010
8874
2052
13501
5143
14740
13368
11569
2028
13964
15276
9450
77
7046
15245
10870
10600
255
15072
13205
4245
10453
13706
9326
7521
13427
8297
12025
2446
6088
8433
9182
64
10484
7784
5933
10325
5526
2603
12352
3864
2254
6903
4667
9299
6522
15537
5001
7503
14983
3307
12474
10538
1387
6902
3160
15540
15198
15184
3087
6388
8718
12996
7178
4303
5154
13110
14628
11407
87
12081
15270
3067
3359
5039
12366
10607
4950
2468
2485
5034
5774
60
673
7887
6961
3832
7801
7261
3390
10887
13648
12834
8257
5927
1512
14138
4138
514
9919
4951
13321
10290
8018
1054
15328
5485
11661
5379
7952
14872
11140
14452
14931
11812
6713
6994
19
15240
14254
4135
11228
13003
1344
4587
3304
2855
3099
8168
4095
13017
13118
1790
7681
5510
3571
8111
10994
333
13489
4047
15204
9003
2873
15236
5190
10312
6604
5935
10653
5959
10069
6256
4063
11412
10842
8093
14993
14667
635
4189
12785
13753
5979
5567
3637
10276
13677
15358
10608
11541
3779
10913
5645
7379
10523
11561
2792
2229
1870
13445
8914
11939
4075
12977
7725
18
5444
7820
14684
6079
12008
11843
4206
3088
1784
8569
13363
563
8301
8345
12830
12807
3632
2849
5287
14882
14410
8078
1485
654
5897
11125
12592
10698
8476
5419
11442
13920
13238
11227
5100
10347
8171
9305
13435
9955
2248
11172
11244
11276
4619
8448
8457
8977
11296
14470
8233
10807
6922
10444
11461
13546
5944
9154
9345
14419
14572
5162
13440
12911
763
2914
7633
8934
12945
6169
3990
15193
2442
15233
11570
7060
8782
5128
1139
4452
3972
9371
15259
11620
4917
11821
10267
10860
5349
3987
10380
5023
9875
8922
2308
11364
12562
10667
4672
9882
1210
9388
10176
3652
9722
6120
11438
2878
11974
12576
8057
320
7049
8417
12666
12692
4612
7308
8653
10687
11294
3407
84
6270
13055
2392
2008
9992
13785
6680
4975
14995
1169
15150
3748
10891
6371
287
14495
2719
13590
7653
3765
5740
444
805
2806
5782
8112
11458
844
4507
15591
1654
10776
13021
4045
13511
8114
2932
5292
13088
2301
6460
13339
6775
2452
4084
7061
2049
6802
5752
9701
11293
11491
10872
12097
14296
1028
5311
10128
2598
10544
10094
4252
6422
8216
9023
4307
704
11954
9598
14518
14981
432
12231
6130
3611
689
13918
5659
8217
4044
15359
3884
15535
10605
355
14932
12360
6392
9435
14957
1311
3903
4310
7732
12118
14060
12038
13548
10388
6010
12440
10471
7168
9045
1702
10778
10460
15619
811
3051
4765
1272
6934
5401
11876
8015
4707
8610
14407
14141
8669
819
3145
12978
8550
364
11412
5689
14638
6902
11698
11452
1747
3967
5598
3448
15472
432
4169
657
4209
9660
1928
11142
162
14531
4259
4868
8242
3767
4111
1285
4585
7982
14990
13861
9073
10776
3924
8085
2779
723
4639
4525
4689
10236
8700
4535
11395
13595
5919
15603
8356
8573
11847
8517
7478
1207
14111
822
5700
2596
2106
10284
11305
1470
8519
4752
12973
13169
13563
126
13891
2576
5378
3681
13539
14804
8216
10035
12773
14861
10739
6230
7808
7687
14746
388
9620
13231
1209
15319
929
4041
9977
12960
5511
3597
2813
3585
1140
750
3710
132
4053
9814
3813
2693
8992
12028
12727
6866
11990
8567
13095
4899
629
12942
5286
10248
11275
7221
10669
12203
11262
5020
10264
1874
9344
13076
5458
11210
13825
9894
11342
2979
4083
15154
5671
13801
11556
3499
5769
8647
12066
3238
13545
13421
1282
3933
8770
12556
11153
3813
9860
7516
9560
4498
10116
3278
1948
675
14487
874
11296
10203
3853
480
9731
9523
14280
6388
13749
4423
136
10189
8388
13681
8711
9669
1988
1855
6599
13867
5668
1560
5758
329
6057
975
3606
8731
1650
3194
9604
12945
14124
14183
14151
8229
8808
12805
15344
6931
2330
15479
2221
10717
14261
10931
4760
623
12785
12085
14490
3554
14371
5349
3882
4802
6323
8214
14259
8699
11408
8964
6745
9906
7522
5270
3236
704
3177
3681
8361
5506
4262
10581
597
2897
5886
6083
4247
3772
3269
3838
8053
2014
9186
11934
7542
610
5250
6175
10036
1032
240
1155
11664
7761
7152
1
9191
10328
4409
1926
935
9397
13233
1531
13020
3493
8340
1641
7992
12335
5478
419
15075
15390
13079
6991
375
2703
13892
11137
4461
14131
12291
1226
6994
4544
1954
559
15598
6362
3212
907
860
819
3164
13879
5039
12230
15520
13757
8939
6099
14175
8388
5864
12355
480
6238
15058
15098
1749
4620
14331
14766
5846
6426
4412
7799
7711
5111
14887
10922
6018
121
12468
9908
13999
2608
6513
14620
739
553
5094
15
9668
10957
12369
10147
2296
12528
10347
4771
1523
9779
4638
7368
579
9049
268
8289
14160
256
3586
5279
376
1155
15186
15101
3762
6800
14096
5227
7353
3564
5241
1395
15247
1984
12268
1917
15239
7716
6687
1136
1869
12051
9230
2447
6202
9497
11463
4736
9752
150
10741
10854
1304
11028
10329
5792
2203
8799
11018
10282
13089
633
12403
12710
3343
9772
14626
2956
1863
6414
4091
3731
2840
13320
6905
9041
7918
2742
14503
2771
2891
10345
13624
4194
5747
8328
9985
8676
2228
6104
4059
15317
6736
836
12401
10805
10608
12129
13761
13197
2917
2953
1302
6483
1375
8933
625
10019
11674
229
12790
14564
10573
10788
3859
695
4217
14570
10097
6445
5048
14156
6136
11783
93
3638
7690
11427
868
6552
8998
4512
9504
11027
10994
11605
4334
12346
5999
383
12574
3890
48
7522
14677
3907
8943
3996
2851
3414
10440
7899
2671
1677
4783
3491
6041
12472
14917
6909
3398
8290
11420
13629
4418
7515
10335
8751
4235
1435
9860
1911
5324
9908
9432
5103
14541
2749
9098
1766
6889
3912
10391
10287
6315
276
13777
12355
13474
13068
3638
1974
6459
159
15602
11603
8401
11038
4729
13362
12473
14588
15272
2898
9597
9078
8000
8512
12553
2199
11005
4544
6837
5770
14830
13151
6772
13708
10608
4621
11877
14972
6594
3438
233
7297
15040
8633
2709
4143
6369
283
3833
6016
3181
14156
195
11907
7043
12748
14833
3149
2393
6044
9645
2324
4297
792
406
6
5412
12282
14977
12732
94
15209
5130
15134
8216
7838
4378
15312
8848
8937
5702
12755
7468
6623
9763
15237
4472
8970
3487
6864
116
13131
9187
5139
13922
9592
5144
4435
6976
5222
2268
7069
5533
7397
7304
14475
337
11682
14161
9184
5720
4964
7040
13914
11587
1177
13525
433
10874
1386
8024
11716
15244
1585
1229
13540
11904
7099
3077
3254
13047
5344
11049
2954
13468
2728
1804
13804
15136
1066
8089
5230
6030
15128
3519
2718
679
2145
3877
11552
3531
11900
7642
3149
13485
9597
1790
9763
1797
5593
13743
14844
11664
9166
2899
9506
11893
4702
8411
12130
6495
874
1735
12524
376
5253
343
1054
8124
4219
13333
11654
494
6076
15529
13978
48
2421
8842
2571
8013
7686
1789
4778
1226
5415
14283
13846
10116
7068
10350
985
7941
12811
14235
9043
3165
14577
10097
11289
3898
8531
8044
4391
14606
8675
3470
15380
11095
13038
3053
4209
5098
4841
9714
7050
10982
8371
5997
5473
541
1449
7184
9208
14259
6521
2626
1799
6199
13449
13814
10096
7081
6232
14486
6788
14906
3057
6543
11102
469
9595
413
5566
15162
10126
12616
10519
3598
2987
1093
4865
5162
9003
14073
3796
625
1800
6321
6824
350
4509
2021
8157
11467
882
14944
11475
3938
5861
6951
4407
557
8090
10699
821
2590
8416
12066
6915
12130
13885
11779
1666
7262
10953
5461
7887
13479
12508
15437
13828
2118
1832
6359
13585
3440
5678
9434
7378
12265
1486
12511
13549
9576
8311
14369
12165
1102
11536
4181
13958
9795
335
15623
1431
11287
6186
10044
9141
3068
9855
8070
5186
12414
15156
3872
228
5935
13305
8332
3301
14790
5217
1224
8740
14255
694
6007
15356
12956
10187
13688
7125
11248
14412
9283
6910
4972
3701
1152
8767
14283
9948
14679
11071
9478
2925
11298
514
1331
4005
3815
495
9948
5765
9962
8577
7186
1070
9034
4516
11983
7823
12368
7606
6610
6025
14515
12308
10452
768
5449
9836
10715
5229
5281
5295
8153
1681
5808
10210
6412
10349
10705
734
1216
5768
10038
9128
6837
4173
14370
3921
11996
11112
11526
3707
2238
11142
1116
12690
11909
7292
6900
7726
12520
12908
13020
5775
15315
3929
359
6101
15005
11790
7561
595
2659
1973
9722
10222
6873
8466
14143
3970
4680
10043
7676
6917
5560
9518
4708
1843
1184
12335
9568
14431
9617
7689
4580
9306
11618
5665
508
11724
1830
8068
12318
4488
10768
7141
14710
2015
708
13954
5984
6114
8371
14386
13031
13930
9005
2840
875
10189
15174
11169
9721
9165
3233
15027
3572
15577
5066
4806
11675
7622
12874
9094
12837
8743
1336
12648
10757
2770
10976
1842
8884
3721
1329
7016
2753
10333
9855
3627
5623
9404
14795
15343
3670
3129
15471
7969
3807
4912
12774
583
13260
10749
9676
10471
3866
11738
8220
14622
14508
3570
1565
8493
8018
3620
610
10770
13953
10464
15123
4677
4969
15019
5122
8639
3250
4967
1709
7056
10605
14482
7639
8240
9606
2416
3812
13471
14881
12032
13195
14490
703
15486
7357
8720
3481
7966
4591
2535
3531
4088
7211
8500
4209
12332
2240
7458
2401
3948
15240
13005
3531
7253
5619
13136
10396
10158
11709
9651
6564
10005
8515
7266
10592
973
1088
14072
9665
5678
981
13195
10493
8919
6796
14701
6352
9035
7260
8752
13709
6874
6859
1615
14127
13204
15477
9624
7736
12287
4376
14299
6666
12890
6667
2360
14589
7754
806
8628
14158
2514
6924
9025
12159
13720
8827
2885
7856
461
12364
5940
7335
4324
7554
6563
1902
7405
561
9638
4067
4936
9038
11459
2927
79
13818
2617
8559
15351
11971
7092
2966
3269
491
15124
2090
9318
3110
9946
10505
575
260
2214
4898
8540
8776
6800
319
10063
1539
5112
100
10576
1673
3753
10655
592
7096
4315
317
3441
11406
4009
7437
11897
3507
9526
6316
6617
4573
1195
7918
5559
4136
12816
14098
13638
3990
15144
8803
5528
5357
9629
1205
7029
13382
12586
8348
4852
1276
8664
9020
12681
12673
831
9679
1281
11083
1096
8624
758
3018
917
6316
7153
13732
5516
5892
2823
5761
14694
9077
11117
8698
10281
3248
7181
7969
11595
12759
9244
5360
6153
7026
3134
7710
1807
4415
3168
2902
13038
4652
6646
14681
10967
13798
13514
1584
4792
711
7344
4587
10514
2836
14011
5897
6810
5566
13865
2779
2700
8210
8138
8852
15235
11272
937
1416
788
4831
5045
14552
9482
11690
13608
5550
10590
12223
7134
15381
12934
15204
4342
8549
3141
2728
14445
9950
9020
13411
12728
11719
5995
5968
5673
5605
2341
7336
7747
3128
12893
12791
2054
7476
8856
763
13025
3820
12986
5260
3575
11021
4839
8643
3944
8706
12097
3491
3031
5492
1276
133
2312
7998
6827
8711
14329
9167
421
6450
12294
14040
3616
15075
5890
13198
212
4017
1392
13197
9276
5693
9319
14841
15062
13263
7922
11534
1855
11679
2127
3857
12538
4438
11854
3740
13149
10557
12906
14296
2109
10302
12711
6451
9751
3702
4023
9962
7718
5414
8261
2096
11833
1954
1311
11269
318
9959
7177
2172
6012
9303
6756
3652
13741
2984
7391
11991
14268
5398
10661
751
74
8473
7201
9824
12175
11223
4888
4994
1738
13875
7089
13570
203
9127
9940
1248
3460
1492
4146
10199
11521
10901
13850
10363
13885
6342
6728
13254
11739
2491
14004
11813
11690
6306
6738
8239
2630
11625
13233
5094
9874
5423
3765
10804
14549
13704
12051
3111
15195
571
14036
11818
12199
12987
6555
10458
3703
13283
8813
15441
875
7918
12355
12564
14223
3468
5905
1954
194
4239
7047
10795
9661
11538
5973
8585
9616
3125
11695
9913
4422
10105
6105
995
7466
12659
12179
11895
11043
5366
12437
12644
13283
9167
9583
12607
13361
589
15287
14281
4827
7435
9450
15214
3347
524
8900
12963
4375
4969
7250
8797
175
14081
10518
8367
11841
7072
4636
7259
13164
1448
5004
11549
11341
14586
8530
9076
276
8919
7731
5829
728
2283
5418
4075
3533
14317
2139
7908
4388
9388
1806
5289
8570
12323
13656
4785
4496
3393
12770
2035
4840
2149
13583
555
1836
7214
10357
2112
507
3190
8667
1962
5472
14811
6036
9004
14230
8174
2013
2992
2663
3818
9007
11959
516
7037
1118
5011
10430
13888
7045
371
411
5729
926
2246
13670
12009
5084
14903
15198
13751
1239
5771
12936
8001
14775
11540
1276
1162
15258
3938
4980
8640
998
6222
778
2116
11232
11934
1105
3379
12305
2242
9834
13957
4487
7878
10340
10298
7156
9913
9150
9121
785
6460
1497
661
3102
2772
2550
3461
7437
7529
12827
8434
14477
14332
11276
10083
10640
12380
14188
7319
14621
8397
5650
4210
1376
1092
14507
8531
11004
8031
2754
12515
15217
4250
13176
3420
7021
100
7608
15184
8355
4809
7993
7206
3515
3643
2390
14155
1125
1680
6575
120
10076
12225
4329
11451
13316
3937
5084
9421
11967
7837
7037
12286
12813
4587
80
4935
4686
8414
4494
13040
13223
13213
5347
1839
1957
7737
1095
3081
9416
7670
3201
4593
4996
8256
1145
3413
12193
6955
12833
9261
14791
4244
6648
12705
9558
7455
2015
14243
243
6508
12385
14192
4095
2106
406
6778
10569
1500
9859
5086
9896
13786
9678
14891
6416
10823
2678
3710
2879
612
13698
2045
5583
5447
15476
15140
12901
1865
14484
13144
9099
11243
11710
13920
14076
12842
5073
9019
15069
14931
14105
9339
13091
8884
8605
4608
4081
11282
9045
7687
12621
7117
10458
2578
12563
10308
2092
10566
12173
950
8811
5646
12920
5622
3941
11370
2839
9013
5490
2282
9045
3969
12347
7237
12853
5326
11844
2035
1710
5263
9721
14330
13106
4553
1282
10771
15588
4100
5711
12135
5776
15248
2882
3797
5244
7549
15166
8082
1663
5758
11090
10707
9726
7812
2318
7680
13864
14889
10442
15573
5253
5264
15004
2734
10544
1387
14231
10506
6213
5043
7742
11989
4665
10623
887
9908
2547
1155
3092
4209
6912
14908
18
1739
7821
3062
10146
6787
2325
4962
6734
7578
10952
6840
11038
5870
8226
9643
750
15166
15412
9218
11529
4451
4216
13142
15085
7489
14296
3278
12424
5582
3288
12441
7321
11108
15503
1841
2269
2929
7529
9730
10506
2855
1671
5918
9452
10623
662
10928
10163
448
4521
6793
5625
8736
4310
5812
1326
2980
9816
13749
8562
13103
11292
984
9313
11169
3551
11581
14824
11806
6412
9705
14660
8082
724
8486
3080
2113
3789
13242
2560
8309
4410
8912
2146
9446
15450
3471
12425
9640
1594
6088
7118
13612
7798
805
9155
11348
13112
8354
7528
3899
3160
7290
12707
3883
877
888
6722
5392
14857
9282
14427
4368
3295
947
13813
3119
5144
10612
12758
7465
1075
4977
5451
9599
5781
15333
5322
3995
8788
13576
8620
12674
5967
5701
1658
6844
7316
8380
12962
6547
2036
11764
10914
6057
13437
9101
9175
3683
4087
7034
11147
5888
12738
1699
589
3620
1406
5910
7614
10920
4587
608
7968
10554
7036
9626
2499
14351
2380
15460
5272
5142
12325
560
11198
10137
10387
5474
13819
15200
13234
10067
6190
10346
11765
6778
13966
13898
13414
5954
9192
2375
7289
2262
13655
14324
11887
1255
13776
14266
1817
3422
4509
14141
4708
81
9379
15094
6281
8299
15395
3889
3467
5959
14235
334
12736
13302
14231
10524
3630
8524
13626
11645
10785
12382
10343
7773
13637
9220
7140
555
12641
11648
14695
2450
11728
9176
2645
3110
1849
2415
6999
6043
8373
6335
6376
6211
4011
4981
1836
8367
14231
15461
4387
10118
12945
15456
2265
11683
9051
9405
12237
6793
6154
12033
9243
2984
5583
12614
6093
8159
15028
13091
14201
8503
4527
4951
14713
8537
10658
1650
2006
9990
1486
6392
4482
15157
6949
7474
11214
374
1980
7825
7894
8133
4232
1511
11116
10542
14851
1584
3802
14254
15401
2377
7858
5030
8054
7672
14293
3813
9321
673
13802
10806
7791
3386
11064
14740
10859
6652
215
13565
15203
8108
6072
4537
10345
1563
15078
9571
3873
3254
8926
4375
6357
1158
9404
14410
8829
8072
3324
2524
8744
1500
14057
1637
5612
9495
751
1572
1249
1692
15136
826
9800
5583
5362
4519
7872
5541
14816
12471
8794
8116
1220
252
10000
10624
14661
3203
3797
3086
6454
13267
4586
5612
14903
10197
208
755
11769
1456
2447
12006
3009
12246
1963
9097
1866
10561
14638
1057
7406
8533
9899
9353
8785
4274
4351
8547
8203
8874
11633
15383
6515
1320
5369
5793
12243
6304
7274
9113
8486
9720
5494
11494
6340
7456
5693
8933
3119
4705
10716
10524
13964
4989
4251
7123
9989
9328
45
2567
3303
12404
3051
9818
13723
9147
712
10340
15450
7985
3828
8310
2807
9321
4906
9873
1878
11325
3180
4996
404
13895
622
15094
3986
5599
6592
13974
29
7363
1642
3331
4868
4693
13875
2965
13839
15313
14031
13663
8400
2233
7074
11206
12280
12706
5453
14885
8405
8633
4982
9535
7629
5603
9004
11614
11929
697
9963
12684
8786
11604
389
13653
671
14991
1719
14509
14678
124
13273
7452
2357
5449
3032
15363
2529
8485
14622
10934
2219
4706
5570
9847
11035
14573
5836
7338
371
900
4396
9156
13230
5512
7183
13901
4877
8901
13511
3929
9752
11886
11381
12835
1709
14412
12572
4237
7998
12296
272
10216
1376
5842
5165
12410
5516
11000
4850
5887
12626
9245
15042
10230
15483
7327
9232
4734
1329
7118
8663
11080
4105
5145
8289
5813
4658
5963
10776
12656
3360
11048
7973
4735
1991
13137
2246
7506
9238
7095
13392
6238
1442
13536
1570
1299
5964
10801
6760
7292
3020
524
3474
7124
5668
12489
13663
11052
2826
9541
8809
6185
5690
1157
11646
7680
15020
13892
287
8633
5361
13679
15597
7529
12316
1541
8828
2654
13069
689
10672
463
1212
14145
8314
6879
11009
7078
3032
14561
993
11841
5121
6682
12997
1868
14361
13118
134
15375
6125
6222
14155
6824
13750
10845
9091
7679
14225
6534
9094
9271
7724
10305
7791
412
2285
3901
7489
5317
2836
9209
1532
8683
265
15255
10551
15353
12747
10684
15102
3974
2007
13631
11524
859
8850
4989
9264
8176
12250
2733
1821
5075
13037
9611
5486
15322
13511
13701
5740
722
7284
7998
10131
8276
7627
5056
8003
5475
842
8206
10175
2848
6211
6800
4433
162
12516
13697
8337
9140
804
10157
14214
14567
4870
4801
14263
2755
3603
5104
4203
11614
13101
15061
4264
5829
4491
12993
12031
5332
5573
6580
8907
11783
14107
13339
12671
10997
11410
5382
5238
12940
640
4553
11882
5509
9353
11246
8991
13682
725
13920
9670
13825
13355
14660
4029
2221
12754
434
8279
2701
7740
1560
15210
6221
14899
12255
2319
11410
2738
7556
8725
3378
12108
4981
8886
6562
601
2251
4619
1325
1273
15015
252
14627
14777
5007
1949
11905
6167
10228
14606
14633
12514
14190
5229
11787
11547
7547
8299
14284
15103
1398
2036
12312
7105
11649
3249
7705
13899
7867
9757
15171
7983
10735
14900
7134
116
1223
3414
6282
11450
2394
5289
8339
1685
11244
5227
13958
3893
13525
12617
4097
24
15379
783
7128
11402
4758
15560
10403
12624
10418
9948
5709
5527
9949
12842
5642
11172
630
12650
7723
3750
3040
436
6162
15011
6390
4494
3278
5016
2212
8101
5040
1966
9610
12894
13367
14368
12828
8144
12093
8347
3194
2176
13873
13142
15018
3889
8688
749
1640
1513
4499
5407
1948
11387
4792
9064
255
8796
14080
2467
1271
4221
5159
10880
1489
2900
10349
15044
11771
6817
7765
14964
8992
6013
13207
9111
10628
6997
9860
12995
8509
14358
2776
11183
10119
7567
4622
11100
1464
3076
14293
2734
7296
3826
14340
9511
6726
9064
9656
2871
982
1796
2936
9973
8535
1244
3459
4264
8240
13318
2360
1123
12777
5135
12306
7997
13428
2029
4198
14891
5104
2866
2726
13126
6691
2168
7738
13416
11231
1769
1388
12939
4291
5050
7286
13552
6294
11471
2917
14533
9890
5277
758
7768
10411
13063
866
8941
15091
5064
8933
5296
7929
11659
3523
14619
13826
11260
13137
10158
13755
14524
7471
3147
4676
15483
1073
10969
12056
4717
9876
6320
9993
11360
14815
5505
9524
55
14445
8989
5118
8480
15011
13046
4513
3635
12040
3440
15622
9551
14324
13751
9176
6896
2000
13851
6753
3799
9194
3910
8515
4172
10230
2882
633
10146
8387
10157
10200
7933
4247
15318
1514
3633
13465
6026
7267
9879
10192
7263
4531
8890
6116
14434
160
8115
12659
7640
12640
6955
11549
5530
11853
6880
8411
12485
1400
1899
7016
11600
10559
11263
12019
12072
15622
9858
3200
7990
4839
13391
355
10096
7383
6470
8904
7542
15311
6665
283
12325
13619
11832
2229
10573
3813
11367
7432
5213
13992
15175
1914
8925
11539
14659
6099
11535
8891
9298
3899
14456
7790
4253
8927
15172
11449
2932
7816
11134
9596
8098
8561
7589
5031
11516
3263
8844
7984
11422
14783
6351
10971
1071
377
6884
831
7202
2793
10448
874
7418
9279
9391
11671
3307
8937
7494
6238
1127
3730
209
9225
13017
8524
14982
9634
11787
8200
2720
7583
7357
9070
3655
9154
10173
10538
9984
1750
14057
5534
3350
5849
14812
12740
2621
3220
6779
10842
9457
7905
15298
10392
2231
13416
3291
1588
7424
179
9787
10143
8488
2246
4314
12142
11399
15214
7781
6485
2065
6212
12018
5414
12787
11931
2529
510
15150
10034
12078
9708
2313
12477
4475
5271
10267
7765
6858
2792
8670
1746
13662
1532
4718
3077
13673
1219
2665
6555
7703
4729
13493
4822
10870
11381
1854
14125
11890
1378
8533
9069
11812
10845
5920
661
490
561
9152
8074
3353
2196
10547
2116
3727
15264
5192
2501
857
8584
9055
9286
13312
7649
14834
8556
3405
1062
7055
15294
3166
689
8738
14978
11534
14657
13
12750
320
9165
5926
4399
12087
847
6514
916
1212
12432
3416
2796
5390
13198
12081
3804
5221
12017
13086
9352
13078
5243
9021
619
5931
2860
15596
2566
2618
15608
15316
3664
9874
6343
8062
6336
7916
15302
7251
9127
12109
11393
12649
1873
9692
9832
6403
15
6223
3864
9366
3675
9106
3488
4293
138
7074
4990
2704
10419
5700
3121
14082
15573
9463
6519
7010
1753
6195
14987
11606
3405
11482
9357
6005
6275
3563
12407
7016
9785
1372
757
14186
11204
4971
3581
11342
12772
8570
14045
7565
14269
1540
6021
14944
11729
13266
7055
14208
4563
6417
10188
7967
3000
3919
14698
9274
8208
12207
665
2367
13578
2148
1655
9157
7845
5235
4873
4991
13804
4019
12555
13175
6285
3678
13220
2388
2045
4649
970
6607
11792
11884
15301
14791
905
14373
8440
9112
10954
9831
12206
9634
11978
13860
3165
4197
3469
8764
9915
2374
13509
6844
15548
4168
11248
13869
7282
13293
2893
8978
5001
14684
5963
4676
14577
6867
4151
8118
354
206
2323
12559
9839
15027
10793
13730
4325
14988
6868
14239
1736
5478
6185
2386
9645
2534
629
2028
201
4248
11005
5202
3307
1343
10604
2985
8209
14754
11102
9289
14960
13424
6949
9900
13552
2843
8005
2251
2205
15599
1592
4668
5452
7776
7053
198
10309
8408
2226
11237
12656
13230
813
1064
15299
11416
4048
8610
11272
15149
2273
11333
13674
9949
5607
11600
12791
14338
14577
98
14312
543
5492
4865
9045
13271
5062
4456
6053
7287
67
3810
5619
1606
4873
5292
13748
9647
14628
10121
9897
2003
5828
7945
11951
12162
4646
9843
10874
3598
10667
10287
4867
533
15151
13912
13803
4588
2742
4958
12601
3535
8767
2594
5867
14367
8613
3989
9115
7615
14110
3387
9617
5039
12058
6669
1575
1806
887
12449
5403
12280
7110
10269
12813
7363
9282
11717
11950
12750
1049
9652
659
10543
12246
6525
9284
5960
11241
3500
14301
10452
6886
9020
15490
4046
63
2167
5851
1676
15342
11980
13956
6826
7350
11870
14915
1007
7961
11966
13756
9737
5993
15142
4654
3340
6768
14664
9299
3110
2538
8701
13561
10151
2095
14153
14196
2885
1421
5148
4560
1137
1502
3617
8689
8851
15486
7979
9857
8549
4319
8715
3387
10311
8231
8040
14377
14998
7805
8050
2483
11069
1853
1145
5594
3947
399
4891
6831
1819
10038
12118
2955
12266
109
11644
5492
697
3997
450
9972
8315
9164
13358
3728
2496
6499
2479
2596
14303
11256
5078
9746
13108
6949
442
2156
7348
5332
8987
9166
472
6206
12121
12737
6314
8866
3330
7737
12862
4507
2083
6278
13670
15440
10732
1268
6313
13938
3863
5717
9568
9667
565
7777
990
1006
9932
8337
7064
4020
2605
7535
10952
15452
5374
1641
8692
8703
9377
6655
13209
11460
13659
11981
12001
9493
13248
3416
7805
2212
9132
2474
11878
9696
10250
12867
11428
5283
6306
2867
10030
9637
10401
5356
9463
149
7723
3256
8852
2202
10637
7162
13661
9397
3517
10763
3991
1866
14178
11795
4077
7685
14995
1056
2482
10346
14650
13910
4
5330
1151
10760
68
12278
1217
10257
12427
8940
14239
6380
11141
9977
14268
9903
3748
2160
5040
7739
4752
4320
4635
8829
12004
4005
10611
15212
15077
9635
13496
15080
66
15373
10941
133
12026
12885
10389
8827
6199
9729
308
2441
4080
14575
13070
8555
1836
3211
1395
6588
7530
6029
518
4635
10760
11128
4222
10212
5138
2819
10393
5930
2567
6436
6063
14592
3695
1553
8520
10620
11282
8827
13060
463
7776
11231
9017
10339
14441
10411
1301
7073
1542
2545
11707
13028
13672
1030
8341
3911
3849
3836
9841
6415
10271
1005
6108
14692
3284
14627
9686
15292
7828
7847
130
705
3452
9146
11043
2994
4659
13070
10793
6927
15614
7602
4329
14388
8631
13397
2673
13206
1607
13240
4722
11877
14244
10829
10943
2630
9830
5730
2296
2759
13576
2425
3464
2129
12298
15233
5122
1331
12678
290
8984
13393
7891
13312
12155
1623
11083
15555
14829
12689
13169
4652
9667
12515
15481
5711
15144
10412
11440
1814
13171
9390
4966
1736
11518
1638
1343
1742
3695
14747
2758
12678
12515
11375
11091
9044
12997
6549
9700
12927
4339
7244
1954
14733
4860
2536
4818
4378
12947
1360
6918
10492
10749
11883
12954
7369
14247
15024
9110
2316
14145
11867
95
11761
7616
11186
5907
5714
2836
15606
3016
7901
7951
5696
7008
12810
8231
12553
2289
6279
13912
9934
1873
9762
6191
14826
2232
5540
14224
11341
8582
13471
8309
8677
9606
1026
4237
15512
6740
7799
595
10482
74
8545
1279
7809
5730
10236
5463
8745
889
4476
3053
2761
14237
9971
2689
844
15510
2014
12911
8466
15484
6322
1517
10192
7347
6480
10078
14813
14278
11399
10396
15079
4319
11674
7989
10775
6284
13451
3894
7900
2301
7674
11387
1639
2019
14802
3209
1903
1191
495
11095
1049
6816
12612
11240
14889
4193
6420
14077
3573
2920
8847
3026
7238
5623
11741
3114
12633
9566
7735
4907
12593
15408
1396
14231
1801
572
1815
4430
1762
2309
15524
3538
9851
13237
15504
9114
1805
7025
7565
6104
9945
1514
9856
2284
7136
5971
5398
4870
15536
13859
9777
13230
13641
11899
11835
543
13197
13649
4972
61
1059
5597
3598
11636
3209
4203
5125
5740
11228
13416
11843
6274
31
6073
8557
7893
12770
14681
12763
13407
12914
7641
11011
11656
3914
7220
12198
1485
5971
1544
1545
7756
7868
5869
4494
11076
10799
10345
1917
6401
8862
13759
13401
8893
4933
6332
1887
2804
6115
14649
585
3403
6664
11595
15059
11304
3916
12358
13516
10613
14629
162
3471
6871
6758
7964
2321
1931
3410
4964
9058
12271
3097
6833
5538
8756
13891
7425
11559
5107
7175
12870
9237
14566
9566
9397
10244
14208
6129
8861
9196
5132
9750
13393
12002
882
6458
15049
3539
9867
4387
13323
6512
8210
5257
12777
2067
4249
4576
14352
9356
12477
11596
2967
11417
5536
12363
6763
4119
2866
15623
14041
8725
10474
12535
5101
12082
3367
5252
15620
13233
9638
13317
4119
2223
3675
1270
5016
7924
6572
3743
1654
4151
15338
4620
15567
5976
2084
6704
10821
5676
7429
9963
14400
2277
6872
4603
15086
10965
9854
15080
8572
3866
13499
13417
6815
1548
15414
12558
9471
7087
675
11851
11237
1114
845
11179
7816
3655
2984
3738
9331
11139
13700
8832
14143
5673
13434
13603
1012
7662
13784
10310
12255
11657
8102
4171
13932
7890
1103
8504
78
2504
4730
11315
3618
6301
7595
12160
9956
10578
273
4388
6819
13972
13219
5336
4747
11755
3313
5758
3791
1471
443
1147
13855
9271
6045
12161
2262
7874
5766
2339
10378
11222
13653
14722
1898
6349
11256
12580
2029
11528
2069
8847
10602
15287
14182
450
11416
1869
6207
309
3339
7376
2182
2295
1748
8226
15182
4009
1202
5323
6348
12306
919
5102
11402
3543
11451
7759
497
13479
3662
2565
7427
14990
2954
5983
15439
15096
7851
6747
506
11916
14850
3415
14938
972
12367
14494
4981
13568
4191
12055
10248
5837
2258
6751
9379
14435
14510
10603
12288
3273
13894
4816
2637
1949
10798
3177
1420
3750
9923
2652
41
9147
6066
14978
10846
2808
14573
928
1477
3139
12982
11725
8975
15239
3577
3455
14049
2461
14057
11438
5733
12326
629
9096
15001
11426
12272
795
278
7297
4174
318
818
10966
397
12390
13773
14969
13317
352
3209
10673
12803
12910
11014
754
740
10164
3215
15523
5976
9674
12950
7331
3145
12326
3859
15416
13847
4136
7087
2395
5180
8632
13361
6303
5396
12235
5646
3815
13313
9582
15214
10490
6866
10602
11244
8332
5140
15185
8957
11843
9233
7008
4275
13104
3708
8133
12895
2657
12995
5083
5051
2549
14441
3513
8851
4939
850
15224
8753
14889
9907
8341
9754
1874
3318
6099
10933
9184
6385
4264
6128
719
11271
10403
13823
81
2910
11819
2737
280
1276
8514
3555
92
12754
13133
5030
14330
13458
14509
13593
7739
7224
8448
9612
11268
14546
4919
4827
6032
9909
10954
6751
5555
5731
5675
5635
9368
1868
9098
10374
3143
1986
13928
3961
14739
11435
9717
13443
9267
8600
11411
2107
199
4960
11719
11466
4608
1739
1394
10639
11648
13075
2491
2304
3907
8165
8665
13274
10032
2137
8022
13902
4122
7052
2237
3963
3588
11954
1780
13582
4928
13917
63
5853
3252
12508
1694
7859
14247
3814
3599
10996
1263
6090
13299
5897
14981
6338
3545
9388
9201
12294
7664
14049
4447
10627
2386
8034
7682
4893
5990
13337
3184
6053
3564
7162
2935
5984
122
2283
9798
3721
13278
11787
10537
11678
2058
9892
3117
6330
4381
12317
2998
12771
10741
8171
7773
13853
579
15454
3120
7296
13165
7031
13348
1831
14919
1384
7814
15041
4394
2713
3863
2046
14500
14399
14451
1659
9392
1942
7988
13773
14986
11712
10918
10101
4257
3065
9055
5563
3621
12175
12858
1887
4307
11307
4444
3600
13417
12258
3015
2185
14970
7604
4958
14571
6377
3783
605
871
5724
9319
14643
5084
5406
9935
286
10389
13727
9341
326
2449
6617
13910
5062
10923
9591
9506
14522
7383
6138
2639
9567
6209
10242
14524
5155
1721
3408
6486
2591
9132
179
1608
14942
6311
12269
15228
1075
10370
9670
2127
13545
661
412
2982
11583
10729
12487
11206
2486
3726
13844
12780
9934
9188
12405
190
10908
188
6675
13498
9319
6854
207
8635
13164
12475
8964
14965
7947
3008
2194
5866
4395
3332
9574
1079
14060
6435
12285
921
10887
11230
14427
5196
4792
11206
6112
801
11393
12787
15025
5813
4015
15231
15175
2280
12808
8513
1620
5129
12248
3813
10994
1017
7144
5670
2823
6305
12104
209
7225
8093
11438
6753
14015
1332
2334
4501
2859
13726
1662
2259
3914
6403
1864
3463
8683
14671
12702
11029
4901
9324
15568
997
11068
7813
6666
13890
14117
3871
14825
6444
11963
11364
13196
10352
12695
15529
14853
656
14357
1616
2914
2645
8019
5504
6834
1076
4550
3910
12104
10177
13961
12773
11173
10130
4960
2213
9121
3451
6084
8320
9894
2421
4058
8192
13500
1855
8095
12727
2510
7553
14342
5423
10197
6735
10926
2132
8537
577
6769
5742
10754
5831
2889
7028
335
7848
9241
9455
12026
426
2876
7021
2846
7660
15212
1447
9514
8409
14173
12750
336
13617
3274
11260
5453
14927
13391
13990
605
5261
4833
12085
11091
8449
3488
12152
671
12728
6708
13423
13880
9583
4819
1827
1618
4405
3274
11858
13540
1821
8983
13876
539
12983
9510
5992
12284
8002
5083
12889
13263
9915
9348
9455
2738
12835
5982
4136
10664
12689
1933
8918
7374
7478
10745
8991
12610
14018
5950
10524
940
34
8774
1479
13017
3385
8197
10402
11387
13279
7665
9751
8295
2115
3580
11033
51
9561
270
10715
6625
2929
4734
13998
10407
580
8090
8118
15324
14766
3743
1366
14800
13244
2844
12918
1003
11040
7694
12389
9420
15359
6514
2089
2575
10094
13848
2625
4756
14117
14066
11380
1421
3902
10479
12554
4481
3670
5773
4907
2811
9515
6272
2712
7133
9115
4
8136
5256
7697
5626
15402
8157
12867
1865
10731
8062
88
14083
12817
14931
12523
9299
1453
799
4152
14733
6007
8549
4880
10913
11359
15122
1559
14070
6629
11400
14800
15491
1757
6871
6219
1533
130
4187
3397
11587
12248
4211
10044
9439
3517
7669
3839
4969
8467
8718
4077
15200
1641
9683
10487
13726
9179
12772
12170
910
8546
11344
1502
11029
3316
7720
12561
3445
11906
1060
134
9255
5270
10177
3796
8786
2947
7634
14482
11414
726
3660
11715
3093
13342
6577
1193
6896
4450
14089
8532
12996
9807
10033
9126
13850
2128
6062
2396
14760
7121
2529
8390
12390
13433
12185
6278
754
4920
5134
12894
5646
8793
9711
9465
7236
662
10658
14131
5838
9121
7764
3935
4030
2172
13061
2254
4299
3497
5376
4160
10617
8632
12549
8108
7166
9835
15112
7919
14755
5347
5915
5502
14139
15625
14966
6477
1388
9998
5709
7225
4221
13473
11160
8250
19
9322
11230
5044
12818
1707
9203
8536
10338
6854
1745
1878
1790
1232
10524
919
6578
1540
7147
5819
1539
6488
12295
3653
1587
2378
11604
6534
225
7865
14783
970
1561
11114
6013
14378
12821
318
8015
7533
7171
9760
10138
9687
10991
5036
11333
2670
7302
2854
8488
8840
10068
5884
13219
12382
8262
9197
3290
9213
1437
3175
10183
2997
14288
1297
2477
11483
1614
11218
4118
9511
5352
14255
3573
1444
4392
14905
4841
11693
2860
13328
5634
13655
4314
3227
10411
12575
12423
14427
6889
14586
1976
2173
2685
639
3470
5161
12848
5810
1480
1340
15321
7559
696
3995
9729
5087
4001
14569
1881
7587
12999
7514
5616
1687
11467
1128
14988
8992
15555
6251
7952
2632
9151
10636
3997
12620
898
1220
3531
2378
3286
3226
10663
3982
7947
4766
9795
11947
3710
12403
3909
1810
5018
10251
3496
860
12106
3585
10578
12035
9835
3631
15393
4087
14994
3765
1081
266
5711
5339
3370
8996
8564
14032
13704
1613
3900
8601
13559
7609
6105
2569
9418
11122
13547
13640
12708
10027
1599
7660
7163
12160
12018
6930
622
11386
11421
2429
12378
2233
7767
850
11229
1433
14881
10034
3045
3882
3736
1705
11490
9840
5001
6009
5337
2922
4750
3146
13675
6348
11533
5212
3610
7925
12868
4231
3685
8664
7386
437
10896
15153
1286
7226
1687
1269
2362
4731
5150
6097
6435
1742
1039
12162
8477
7102
15083
13227
10247
13859
4676
6154
3445
8285
14078
688
13242
2864
10078
5003
4028
6075
4530
6040
14028
6216
7308
1491
11673
13185
8314
3209
28
9352
15371
8504
828
15555
6105
11075
13789
10781
2330
1608
4167
1510
3022
1784
4373
13826
6786
8400
5003
12042
14440
3405
3359
6849
4895
15031
5135
13208
2614
5162
7662
3086
13666
8489
3016
4872
4665
1179
754
6995
3513
4921
8504
7262
6704
12876
5462
14216
6378
10464
10632
5919
14595
13990
13494
4591
14122
3004
2901
1837
8892
10562
4923
7659
3425
7938
12531
8817
9843
13284
186
13355
3306
8689
4991
10736
6666
11180
9326
13770
6745
5059
4790
5715
4150
3386
10305
2646
7116
13932
4483
382
8868
9405
8041
13020
2444
5673
6211
12286
4058
6396
10742
7364
186
108
3201
7578
12014
13254
6450
3133
2687
11239
8847
6837
14624
4254
10209
6114
2560
14691
7223
11428
9197
15263
9549
11640
6037
134
9027
10094
7256
4144
2559
7441
4978
5760
120
1366
3388
6569
4498
6074
2183
13345
13637
1908
2700
8221
8749
5259
8013
346
1788
2312
710
11336
13951
6746
11469
8080
1214
3826
12223
3773
11266
1575
9532
12113
2940
13646
3056
7437
4821
5965
5883
2833
7873
8582
11780
996
13841
4894
1341
730
7205
2050
12066
6258
8795
8636
14337
10735
12462
10934
14507
8829
12508
9140
5316
549
7160
9099
7985
11981
15063
13868
15540
7310
7551
12421
9032
6493
1689
11099
7223
8894
13875
3663
15151
7771
13025
13862
2881
10588
9897
1762
3792
6779
11629
9834
7327
3163
4034
413
245
3472
15007
159
11508
6933
13306
4915
13425
14995
388
5749
8263
14263
10138
8515
6408
7538
7478
10015
3227
1749
12504
7745
8527
8507
1954
955
12396
6714
2094
12641
10185
1476
13526
6795
9135
11207
11709
7661
11303
12823
13410
3940
12187
7922
13181
3697
561
5033
13711
3788
7508
10589
11532
409
4197
14212
2090
968
5301
4183
14335
587
6385
12235
7381
15519
8543
4191
7555
4220
1389
5339
8886
14302
13987
7168
2373
15275
12200
1186
3437
4082
12501
70
5217
1073
14282
8033
2767
4684
12943
1476
5270
3702
14437
13378
3596
7355
1943
11877
12301
3331
2317
5562
2735
1405
13456
5107
1054
10031
6292
5217
14839
3895
5287
5158
4967
4670
13917
7733
9353
11234
9208
15349
38
8746
13101
4360
475
15044
611
13503
3476
3654
4166
6937
5058
1996
12044
6112
12753
3437
11328
11967
7331
1716
2226
13024
6385
1244
5131
112
12478
15065
563
13242
8186
14390
1976
9387
14535
2586
7264
2386
6239
11429
9322
12023
13425
6467
3236
10552
10631
14564
7620
3063
654
10572
462
7766
11816
6319
8604
9395
6486
9166
7011
15398
7931
8986
9159
6840
12298
1525
9952
3638
13680
4376
35
12206
11569
3271
7860
6574
2936
581
9637
4316
11880
10825
12081
8797
2245
5060
3293
8730
14952
10303
8502
7257
4390
2763
14824
1789
5014
9877
6153
3795
14252
6914
376
10196
10911
8962
1871
14573
9542
11507
3264
6523
7433
446
15319
9678
6232
2986
2782
5559
14015
12011
13542
3506
15500
13467
5294
5615
7719
12173
9409
6345
3462
9784
1642
14372
3847
3513
13320
13389
121
1685
5013
7554
2130
4707
2333
9089
7692
5841
14647
6809
2953
13290
10314
2827
11132
15608
8441
3225
12155
2225
10296
718
12735
11938
15090
957
552
13511
15072
672
15195
4459
8952
2426
9892
12011
11514
2686
2227
11262
9494
5179
8927
4182
8733
4433
4891
1548
8384
2148
4499
3054
2865
2336
93
3056
4019
644
941
4192
2043
1237
9377
11721
3663
3644
8107
278
6329
11060
11540
197
613
5568
4378
9345
10000
9269
11620
3485
11416
1220
6538
15007
3555
7358
2438
7573
8001
4105
11764
10770
5342
5516
7593
9731
9159
74
10008
589
11860
6649
785
12472
12216
5889
6919
7317
259
3640
10801
12401
4859
2441
11783
8414
9798
14947
1088
2900
3426
12852
13670
8767
3469
6364
3599
13354
6437
14334
13942
3398
5357
15453
971
2675
5716
7889
10718
6702
12255
5894
3477
2216
8334
361
10629
3233
15307
12443
6132
3108
10396
4903
12601
13864
11266
575
11592
2804
14908
10635
6201
5366
10462
7172
8767
1280
162
3860
7981
13144
9753
12184
15359
3188
12545
11089
6420
12226
7906
12551
435
2677
2556
13763
1642
13821
14337
13961
1727
14346
8970
7927
4086
4534
200
12853
5813
1089
1087
13793
14232
11566
10351
13965
14753
7997
9428
6274
5325
2435
3926
6486
5838
6481
4623
7480
5404
3334
5815
7130
2054
15511
158
6867
4419
1085
4821
10231
2173
5907
9125
1506
2574
4578
15470
2428
13301
9999
8701
3000
12433
12626
9486
3373
4209
14108
10852
9612
2544
1768
1843
5324
1653
2727
12190
6799
3811
1385
2131
6710
8018
11983
8215
11318
935
8786
13745
14962
3159
6820
2337
694
4548
12549
4066
8756
11758
19
2742
14301
2513
5311
4000
4165
8037
564
11690
12575
2676
13821
3659
11420
10905
12601
7113
11839
5761
5232
11902
9647
12779
14238
10340
1701
11888
15132
10456
8021
252
13924
6696
2764
3609
11422
7655
11645
11986
3720
9321
15388
2642
12980
11182
13546
9955
3396
10486
90
8628
6762
10463
6508
6102
5904
8208
2364
5410
3038
11111
6388
1336
2182
9151
5671
13603
1181
2417
10690
5627
11738
11179
8995
9092
7463
7642
4148
10858
2502
4964
4587
9990
15427
11094
1193
5705
3676
3557
11842
7440
15394
2604
9502
1950
12482
15172
655
14389
1964
12071
5117
13701
7625
14111
7894
15087
6127
12041
10319
9355
2106
8
3719
1907
11101
5639
8339
15504
9195
4555
7318
8963
7885
1195
11640
5468
1468
13021
4231
3431
9466
10074
2233
1465
8559
10126
1653
15412
7268
12699
9868
9374
12706
14314
11280
8181
4327
4720
8786
13521
9274
479
7585
2261
2400
4326
8455
3867
1721
13413
8025
11914
7861
10257
14105
1522
4758
133
1308
12025
12831
11176
5773
9911
9864
2155
3193
14917
6874
12706
12812
1250
13184
5498
4237
685
10551
12691
5278
12998
10478
13302
9286
2714
7934
7766
4962
13418
8625
6269
9817
5830
2546
692
842
13136
2846
4761
12427
10446
1841
10340
11695
126
940
306
1537
11490
12997
6815
9589
8576
4491
3250
12016
13151
11742
1352
10943
5468
8348
5135
11297
11620
6553
12865
9131
9398
2727
6659
4218
5295
2101
1015
5420
3767
1320
6957
358
15043
14498
9946
7994
4090
13922
5111
1616
10038
6463
12558
15505
14810
2794
11903
10804
9346
9869
5036
3845
13323
12422
8790
2992
14522
9804
9138
2663
11123
1196
3747
11268
68
13692
4363
4158
11989
9473
6500
7128
310
3432
7735
221
6953
4739
11025
1400
15335
1162
5245
13032
13583
14761
398
13206
8939
9535
970
4436
11458
4716
805
11525
2783
5167
784
15498
14640
7283
7727
51
11442
15461
272
3496
5302
11296
4895
5011
12457
10866
2417
11142
10001
3541
8722
3314
13802
9692
8477
9634
14407
9281
6261
2291
15175
7044
2890
14189
15054
10617
14239
10870
10452
15237
15092
855
11634
4361
5865
9193
329
9008
4709
11056
12548
13430
14370
11452
8223
7948
5460
7732
2330
12447
10022
1879
3866
12912
1169
4021
7903
510
15617
3456
121
15083
4311
11755
3818
10902
5322
4873
4285
10757
304
1934
8561
15400
13385
1886
8449
3947
9617
10778
768
4740
13384
5360
2026
15279
9380
10655
163
9371
14838
1011
8828
4250
13492
13373
15151
3915
3347
4537
14671
3650
7198
8333
4151
4957
10218
12599
9630
4936
8479
10398
9676
6237
859
11701
5890
10966
7458
6780
5438
7397
8517
14993
11646
6383
13467
11898
10297
1188
810
10069
5565
8007
2776
9715
13690
13721
7416
7695
3031
269
3194
12706
6505
4779
9509
13121
119
1341
5002
5557
9464
13518
5651
5484
4275
3492
1756
15298
4679
3292
9741
10970
12025
13244
5060
10817
11339
13202
3613
14369
13470
7533
12177
5076
12311
6060
2571
13157
8127
8300
3815
1965
6192
9465
7448
11194
12956
9930
10866
2736
13949
5709
14433
11075
4054
4594
6993
15392
2170
10605
14862
14
3239
11413
5089
15550
2574
8386
13808
10700
1060
1997
12664
7979
12188
5213
3547
10245
245
15139
13707
14193
5949
12514
10369
10002
1482
1737
10495
3651
13068
9732
3664
682
6246
9479
1333
8820
2967
15140
4621
4753
2238
1660
12731
15152
7599
652
9771
7843
893
7852
7137
6841
4741
1881
1218
6949
4344
11712
10600
2513
6545
14990
3194
13518
9571
5253
7439
12537
5494
12059
1664
7731
13718
15122
7984
5692
148
2129
14261
1767
10708
5773
8608
550
7653
9825
7498
12723
6638
2472
15235
13910
2564
3531
12529
12134
8783
4342
9045
14277
775
11435
7109
15220
11658
15093
6013
12533
2323
4648
14299
13030
10420
7281
13579
3174
2207
6179
998
8845
9377
608
7856
11940
4138
4759
8448
13647
9827
2594
12298
10601
14756
4509
10922
10788
3976
1309
7695
7025
6684
6369
4430
2205
13649
3110
6106
231
10015
7103
9802
3767
8437
2759
81
13301
8244
9256
11323
2445
12576
8722
13772
11706
13957
9069
7596
3034
11104
392
10059
2889
6760
15215
5094
5511
3426
11199
6468
13441
3403
1371
2309
12567
4129
3116
10242
13099
12371
6666
15543
10049
490
14416
6856
14446
7859
14451
1855
4065
14843
12640
6953
6704
12229
12773
12214
29
9073
3783
14196
12476
5153
879
9417
10008
3995
4760
7481
1467
11426
8125
11515
11915
6916
2746
11462
15501
2298
14043
3940
2242
11057
11620
9673
7660
8767
6261
8416
2215
10771
7713
15417
1025
8592
9935
11033
13313
14694
3615
14779
11221
12467
10669
8237
3757
14141
4074
3632
1540
2491
8299
3782
13548
5020
13454
6309
13786
4816
15451
1102
688
7539
1620
1713
505
11554
13472
13817
10623
1461
13697
6945
13927
9467
15182
2785
8709
4357
7144
10249
6847
544
14757
5496
5563
13312
12532
3723
3229
12357
5552
3917
4270
7171
6356
5501
3100
4202
4419
14449
6389
2491
6495
5418
11957
6051
8929
5041
10407
447
391
2356
990
15147
7851
6552
13560
5484
11002
1163
2216
1655
5806
7212
8825
12161
12713
12651
1464
1506
12201
8580
4723
3071
13997
1782
9848
7300
6822
5357
8474
7212
7712
9463
7460
664
1117
5394
6148
12845
7283
9090
14499
13089
676
8425
10351
14115
6178
12542
723
2753
5496
5445
6550
4594
7226
1500
12620
14774
6856
5468
7087
15294
33
15273
1059
1149
5041
7933
14720
13051
1397
13593
10514
2800
6392
5966
1289
13296
2882
2011
424
9104
8183
7700
13697
15408
9199
10692
15284
1156
534
6745
1551
1293
6393
2610
3168
12160
10542
2262
